0 -0.0668353 
2.5e-05 -0.0665308 
5e-05 -0.0662264 
7.5e-05 -0.0659227 
0.0001 -0.0656201 
0.000125 -0.0653189 
0.00015 -0.0650192 
0.000175 -0.0647213 
0.0002 -0.0644252 
0.000225 -0.0641311 
0.00025 -0.0638389 
0.000275 -0.0635488 
0.0003 -0.0632607 
0.000325 -0.0629748 
0.00035 -0.062691 
0.000375 -0.0624093 
0.0004 -0.0621297 
0.000425 -0.0618523 
0.00045 -0.0615771 
0.000475 -0.0613039 
0.0005 -0.0610329 
0.000525 -0.0607641 
0.00055 -0.0604974 
0.000575 -0.0602327 
0.0006 -0.0599702 
0.000625 -0.0597099 
0.00065 -0.0594516 
0.000675 -0.0591954 
0.0007 -0.0589412 
0.000725 -0.0586892 
0.00075 -0.0584391 
0.000775 -0.0581912 
0.0008 -0.0579453 
0.000825 -0.0577014 
0.00085 -0.0574595 
0.000875 -0.0572197 
0.0009 -0.0569818 
0.000925 -0.0567459 
0.00095 -0.056512 
0.000975 -0.0562801 
0.001 -0.0560502 
0.001025 -0.0558221 
0.00105 -0.0555961 
0.001075 -0.0553719 
0.0011 -0.0551497 
0.001125 -0.0549294 
0.00115 -0.054711 
0.001175 -0.0544945 
0.0012 -0.0542799 
0.001225 -0.0540671 
0.00125 -0.0538562 
0.001275 -0.0536472 
0.0013 -0.0534399 
0.001325 -0.0532346 
0.00135 -0.053031 
0.001375 -0.0528293 
0.0014 -0.0526293 
0.001425 -0.0524312 
0.00145 -0.0522348 
0.001475 -0.0520403 
0.0015 -0.0518474 
0.001525 -0.0516564 
0.00155 -0.0514671 
0.001575 -0.0512795 
0.0016 -0.0510936 
0.001625 -0.0509095 
0.00165 -0.050727 
0.001675 -0.0505463 
0.0017 -0.0503673 
0.001725 -0.0501899 
0.00175 -0.0500142 
0.001775 -0.0498401 
0.0018 -0.0496678 
0.001825 -0.049497 
0.00185 -0.0493279 
0.001875 -0.0491604 
0.0019 -0.0489945 
0.001925 -0.0488302 
0.00195 -0.0486676 
0.001975 -0.0485065 
0.002 -0.048347 
0.002025 -0.048189 
0.00205 -0.0480326 
0.002075 -0.0478778 
0.0021 -0.0477245 
0.002125 -0.0475728 
0.00215 -0.0474225 
0.002175 -0.0472738 
0.0022 -0.0471266 
0.002225 -0.0469809 
0.00225 -0.0468367 
0.002275 -0.046694 
0.0023 -0.0465527 
0.002325 -0.0464129 
0.00235 -0.0462746 
0.002375 -0.0461377 
0.0024 -0.0460022 
0.002425 -0.0458682 
0.00245 -0.0457356 
0.002475 -0.0456044 
0.0025 -0.0454746 
0.002525 -0.0453462 
0.00255 -0.0452192 
0.002575 -0.0450936 
0.0026 -0.0449693 
0.002625 -0.0448464 
0.00265 -0.0447249 
0.002675 -0.0446047 
0.0027 -0.0444858 
0.002725 -0.0443683 
0.00275 -0.0442521 
0.002775 -0.0441372 
0.0028 -0.0440236 
0.002825 -0.0439113 
0.00285 -0.0438003 
0.002875 -0.0436906 
0.0029 -0.0435821 
0.002925 -0.0434749 
0.00295 -0.043369 
0.002975 -0.0432643 
0.003 -0.0431608 
0.003025 -0.0430586 
0.00305 -0.0429576 
0.003075 -0.0428578 
0.0031 -0.0427592 
0.003125 -0.0426619 
0.00315 -0.0425657 
0.003175 -0.0424707 
0.0032 -0.0423768 
0.003225 -0.0422842 
0.00325 -0.0421927 
0.003275 -0.0421023 
0.0033 -0.0420131 
0.003325 -0.041925 
0.00335 -0.0418381 
0.003375 -0.0417523 
0.0034 -0.0416675 
0.003425 -0.0415839 
0.00345 -0.0415014 
0.003475 -0.04142 
0.0035 -0.0413396 
0.003525 -0.0412604 
0.00355 -0.0411822 
0.003575 -0.041105 
0.0036 -0.0410289 
0.003625 -0.0409539 
0.00365 -0.0408799 
0.003675 -0.0408069 
0.0037 -0.0407349 
0.003725 -0.040664 
0.00375 -0.040594 
0.003775 -0.0405251 
0.0038 -0.0404571 
0.003825 -0.0403901 
0.00385 -0.0403241 
0.003875 -0.0402591 
0.0039 -0.040195 
0.003925 -0.0401319 
0.00395 -0.0400697 
0.003975 -0.0400085 
0.004 -0.0399482 
0.004025 -0.0398888 
0.00405 -0.0398304 
0.004075 -0.0397728 
0.0041 -0.0397162 
0.004125 -0.0396605 
0.00415 -0.0396056 
0.004175 -0.0395516 
0.0042 -0.0394985 
0.004225 -0.0394463 
0.00425 -0.0393949 
0.004275 -0.0393444 
0.0043 -0.0392947 
0.004325 -0.0392459 
0.00435 -0.0391979 
0.004375 -0.0391507 
0.0044 -0.0391044 
0.004425 -0.0390588 
0.00445 -0.0390141 
0.004475 -0.0389701 
0.0045 -0.038927 
0.004525 -0.0388846 
0.00455 -0.0388431 
0.004575 -0.0388022 
0.0046 -0.0387622 
0.004625 -0.0387229 
0.00465 -0.0386844 
0.004675 -0.0386466 
0.0047 -0.0386095 
0.004725 -0.0385732 
0.00475 -0.0385376 
0.004775 -0.0385027 
0.0048 -0.0384686 
0.004825 -0.0384351 
0.00485 -0.0384024 
0.004875 -0.0383703 
0.0049 -0.0383389 
0.004925 -0.0383082 
0.00495 -0.0382782 
0.004975 -0.0382488 
0.005 -0.0382202 
0.005025 -0.0381921 
0.00505 -0.0381647 
0.005075 -0.038138 
0.0051 -0.0381119 
0.005125 -0.0380864 
0.00515 -0.0380616 
0.005175 -0.0380373 
0.0052 -0.0380137 
0.005225 -0.0379907 
0.00525 -0.0379683 
0.005275 -0.0379465 
0.0053 -0.0379253 
0.005325 -0.0379046 
0.00535 -0.0378846 
0.005375 -0.0378651 
0.0054 -0.0378462 
0.005425 -0.0378278 
0.00545 -0.03781 
0.005475 -0.0377928 
0.0055 -0.0377761 
0.005525 -0.0377599 
0.00555 -0.0377443 
0.005575 -0.0377292 
0.0056 -0.0377146 
0.005625 -0.0377006 
0.00565 -0.0376871 
0.005675 -0.037674 
0.0057 -0.0376615 
0.005725 -0.0376494 
0.00575 -0.0376379 
0.005775 -0.0376268 
0.0058 -0.0376163 
0.005825 -0.0376062 
0.00585 -0.0375965 
0.005875 -0.0375874 
0.0059 -0.0375786 
0.005925 -0.0375704 
0.00595 -0.0375626 
0.005975 -0.0375552 
0.006 -0.0375483 
0.006025 -0.0375418 
0.00605 -0.0375358 
0.006075 -0.0375302 
0.0061 -0.037525 
0.006125 -0.0375202 
0.00615 -0.0375158 
0.006175 -0.0375119 
0.0062 -0.0375083 
0.006225 -0.0375052 
0.00625 -0.0375024 
0.006275 -0.0375001 
0.0063 -0.0374981 
0.006325 -0.0374965 
0.00635 -0.0374953 
0.006375 -0.0374944 
0.0064 -0.037494 
0.006425 -0.0374939 
0.00645 -0.0374941 
0.006475 -0.0374947 
0.0065 -0.0374957 
0.006525 -0.037497 
0.00655 -0.0374987 
0.006575 -0.0375007 
0.0066 -0.037503 
0.006625 -0.0375057 
0.00665 -0.0375087 
0.006675 -0.037512 
0.0067 -0.0375157 
0.006725 -0.0375196 
0.00675 -0.0375239 
0.006775 -0.0375285 
0.0068 -0.0375333 
0.006825 -0.0375385 
0.00685 -0.037544 
0.006875 -0.0375498 
0.0069 -0.0375559 
0.006925 -0.0375622 
0.00695 -0.0375689 
0.006975 -0.0375758 
0.007 -0.037583 
0.007025 -0.0375905 
0.00705 -0.0375982 
0.007075 -0.0376063 
0.0071 -0.0376145 
0.007125 -0.0376231 
0.00715 -0.0376319 
0.007175 -0.037641 
0.0072 -0.0376503 
0.007225 -0.0376599 
0.00725 -0.0376697 
0.007275 -0.0376797 
0.0073 -0.03769 
0.007325 -0.0377006 
0.00735 -0.0377113 
0.007375 -0.0377223 
0.0074 -0.0377336 
0.007425 -0.037745 
0.00745 -0.0377567 
0.007475 -0.0377686 
0.0075 -0.0377807 
0.007525 -0.037793 
0.00755 -0.0378055 
0.007575 -0.0378183 
0.0076 -0.0378312 
0.007625 -0.0378444 
0.00765 -0.0378577 
0.007675 -0.0378712 
0.0077 -0.037885 
0.007725 -0.0378989 
0.00775 -0.037913 
0.007775 -0.0379273 
0.0078 -0.0379418 
0.007825 -0.0379565 
0.00785 -0.0379713 
0.007875 -0.0379864 
0.0079 -0.0380016 
0.007925 -0.0380171 
0.00795 -0.0380326 
0.007975 -0.0380484 
0.008 -0.0380643 
0.008025 -0.0380804 
0.00805 -0.0380966 
0.008075 -0.038113 
0.0081 -0.0381296 
0.008125 -0.0381463 
0.00815 -0.0381631 
0.008175 -0.0381801 
0.0082 -0.0381973 
0.008225 -0.0382146 
0.00825 -0.038232 
0.008275 -0.0382496 
0.0083 -0.0382674 
0.008325 -0.0382852 
0.00835 -0.0383032 
0.008375 -0.0383214 
0.0084 -0.0383397 
0.008425 -0.0383581 
0.00845 -0.0383766 
0.008475 -0.0383953 
0.0085 -0.0384141 
0.008525 -0.038433 
0.00855 -0.0384521 
0.008575 -0.0384713 
0.0086 -0.0384906 
0.008625 -0.0385101 
0.00865 -0.0385297 
0.008675 -0.0385493 
0.0087 -0.0385691 
0.008725 -0.038589 
0.00875 -0.038609 
0.008775 -0.0386291 
0.0088 -0.0386494 
0.008825 -0.0386697 
0.00885 -0.0386901 
0.008875 -0.0387106 
0.0089 -0.0387313 
0.008925 -0.038752 
0.00895 -0.0387728 
0.008975 -0.0387937 
0.009 -0.0388148 
0.009025 -0.0388359 
0.00905 -0.0388571 
0.009075 -0.0388784 
0.0091 -0.0388998 
0.009125 -0.0389213 
0.00915 -0.0389429 
0.009175 -0.0389645 
0.0092 -0.0389863 
0.009225 -0.0390081 
0.00925 -0.03903 
0.009275 -0.039052 
0.0093 -0.0390741 
0.009325 -0.0390962 
0.00935 -0.0391185 
0.009375 -0.0391408 
0.0094 -0.0391632 
0.009425 -0.0391856 
0.00945 -0.0392082 
0.009475 -0.0392308 
0.0095 -0.0392536 
0.009525 -0.0392763 
0.00955 -0.0392992 
0.009575 -0.0393221 
0.0096 -0.0393451 
0.009625 -0.0393681 
0.00965 -0.0393912 
0.009675 -0.0394144 
0.0097 -0.0394376 
0.009725 -0.0394609 
0.00975 -0.0394842 
0.009775 -0.0395077 
0.0098 -0.0395311 
0.009825 -0.0395547 
0.00985 -0.0395783 
0.009875 -0.0396019 
0.0099 -0.0396256 
0.009925 -0.0396494 
0.00995 -0.0396732 
0.009975 -0.0396971 
0.01 -0.039721 
0.010025 -0.039745 
0.01005 -0.0397691 
0.010075 -0.0397931 
0.0101 -0.0398173 
0.010125 -0.0398415 
0.01015 -0.0398657 
0.010175 -0.03989 
0.0102 -0.0399143 
0.010225 -0.0399387 
0.01025 -0.0399631 
0.010275 -0.0399875 
0.0103 -0.040012 
0.010325 -0.0400366 
0.01035 -0.0400612 
0.010375 -0.0400858 
0.0104 -0.0401104 
0.010425 -0.0401351 
0.01045 -0.0401599 
0.010475 -0.0401847 
0.0105 -0.0402095 
0.010525 -0.0402344 
0.01055 -0.0402592 
0.010575 -0.0402842 
0.0106 -0.0403091 
0.010625 -0.0403341 
0.01065 -0.0403592 
0.010675 -0.0403842 
0.0107 -0.0404093 
0.010725 -0.0404345 
0.01075 -0.0404596 
0.010775 -0.0404848 
0.0108 -0.0405101 
0.010825 -0.0405353 
0.01085 -0.0405606 
0.010875 -0.0405859 
0.0109 -0.0406113 
0.010925 -0.0406367 
0.01095 -0.0406622 
0.010975 -0.0406876 
0.011 -0.0407131 
0.011025 -0.0407386 
0.01105 -0.0407641 
0.011075 -0.0407897 
0.0111 -0.0408153 
0.011125 -0.0408409 
0.01115 -0.0408665 
0.011175 -0.0408921 
0.0112 -0.0409178 
0.011225 -0.0409435 
0.01125 -0.0409692 
0.011275 -0.040995 
0.0113 -0.0410207 
0.011325 -0.0410465 
0.01135 -0.0410723 
0.011375 -0.0410982 
0.0114 -0.041124 
0.011425 -0.0411499 
0.01145 -0.0411758 
0.011475 -0.0412017 
0.0115 -0.0412276 
0.011525 -0.0412535 
0.01155 -0.0412795 
0.011575 -0.0413055 
0.0116 -0.0413314 
0.011625 -0.0413574 
0.01165 -0.0413835 
0.011675 -0.0414095 
0.0117 -0.0414356 
0.011725 -0.0414616 
0.01175 -0.0414877 
0.011775 -0.0415138 
0.0118 -0.0415399 
0.011825 -0.041566 
0.01185 -0.0415921 
0.011875 -0.0416183 
0.0119 -0.0416444 
0.011925 -0.0416706 
0.01195 -0.0416968 
0.011975 -0.041723 
0.012 -0.0417492 
0.012025 -0.0417754 
0.01205 -0.0418016 
0.012075 -0.0418278 
0.0121 -0.0418541 
0.012125 -0.0418803 
0.01215 -0.0419066 
0.012175 -0.0419328 
0.0122 -0.0419591 
0.012225 -0.0419854 
0.01225 -0.0420117 
0.012275 -0.042038 
0.0123 -0.0420643 
0.012325 -0.0420906 
0.01235 -0.0421169 
0.012375 -0.0421432 
0.0124 -0.0421695 
0.012425 -0.0421958 
0.01245 -0.0422222 
0.012475 -0.0422485 
0.0125 -0.0422748 
0.012525 -0.0423012 
0.01255 -0.0423275 
0.012575 -0.0423539 
0.0126 -0.0423802 
0.012625 -0.0424066 
0.01265 -0.0424329 
0.012675 -0.0424593 
0.0127 -0.0424857 
0.012725 -0.042512 
0.01275 -0.0425384 
0.012775 -0.0425648 
0.0128 -0.0425911 
0.012825 -0.0426174 
0.01285 -0.0426438 
0.012875 -0.0426701 
0.0129 -0.0426965 
0.012925 -0.0427228 
0.01295 -0.0427492 
0.012975 -0.0427756 
0.013 -0.0428019 
0.013025 -0.0428283 
0.01305 -0.0428547 
0.013075 -0.0428811 
0.0131 -0.0429074 
0.013125 -0.0429338 
0.01315 -0.0429602 
0.013175 -0.0429866 
0.0132 -0.0430129 
0.013225 -0.0430393 
0.01325 -0.0430657 
0.013275 -0.0430921 
0.0133 -0.0431184 
0.013325 -0.0431448 
0.01335 -0.0431712 
0.013375 -0.0431975 
0.0134 -0.0432239 
0.013425 -0.0432503 
0.01345 -0.0432766 
0.013475 -0.043303 
0.0135 -0.0433294 
0.013525 -0.0433557 
0.01355 -0.0433821 
0.013575 -0.0434084 
0.0136 -0.0434347 
0.013625 -0.0434611 
0.01365 -0.0434874 
0.013675 -0.0435138 
0.0137 -0.0435401 
0.013725 -0.0435664 
0.01375 -0.0435927 
0.013775 -0.043619 
0.0138 -0.0436453 
0.013825 -0.0436716 
0.01385 -0.0436979 
0.013875 -0.0437242 
0.0139 -0.0437505 
0.013925 -0.0437768 
0.01395 -0.0438031 
0.013975 -0.0438294 
0.014 -0.0438556 
0.014025 -0.0438819 
0.01405 -0.0439081 
0.014075 -0.0439344 
0.0141 -0.0439606 
0.014125 -0.0439869 
0.01415 -0.0440131 
0.014175 -0.0440393 
0.0142 -0.0440655 
0.014225 -0.0440917 
0.01425 -0.0441179 
0.014275 -0.0441441 
0.0143 -0.0441702 
0.014325 -0.0441964 
0.01435 -0.0442225 
0.014375 -0.0442487 
0.0144 -0.0442748 
0.014425 -0.0443009 
0.01445 -0.0443271 
0.014475 -0.0443532 
0.0145 -0.0443793 
0.014525 -0.0444053 
0.01455 -0.0444314 
0.014575 -0.0444575 
0.0146 -0.0444835 
0.014625 -0.0445096 
0.01465 -0.0445356 
0.014675 -0.0445617 
0.0147 -0.0445877 
0.014725 -0.0446137 
0.01475 -0.0446396 
0.014775 -0.0446656 
0.0148 -0.0446915 
0.014825 -0.0447175 
0.01485 -0.0447434 
0.014875 -0.0447693 
0.0149 -0.0447953 
0.014925 -0.0448212 
0.01495 -0.0448471 
0.014975 -0.044873 
0.015 -0.0448988 
0.015025 -0.0449247 
0.01505 -0.0449506 
0.015075 -0.0449764 
0.0151 -0.0450022 
0.015125 -0.0450281 
0.01515 -0.0450539 
0.015175 -0.0450797 
0.0152 -0.0451055 
0.015225 -0.0451312 
0.01525 -0.045157 
0.015275 -0.0451828 
0.0153 -0.0452085 
0.015325 -0.0452342 
0.01535 -0.0452599 
0.015375 -0.0452856 
0.0154 -0.0453113 
0.015425 -0.045337 
0.01545 -0.0453627 
0.015475 -0.0453883 
0.0155 -0.0454139 
0.015525 -0.0454396 
0.01555 -0.0454652 
0.015575 -0.0454907 
0.0156 -0.0455163 
0.015625 -0.0455419 
0.01565 -0.0455674 
0.015675 -0.045593 
0.0157 -0.0456185 
0.015725 -0.045644 
0.01575 -0.0456695 
0.015775 -0.045695 
0.0158 -0.0457204 
0.015825 -0.0457459 
0.01585 -0.0457713 
0.015875 -0.0457967 
0.0159 -0.0458221 
0.015925 -0.0458475 
0.01595 -0.0458729 
0.015975 -0.0458983 
0.016 -0.0459236 
0.016025 -0.0459489 
0.01605 -0.0459742 
0.016075 -0.0459995 
0.0161 -0.0460248 
0.016125 -0.0460501 
0.01615 -0.0460754 
0.016175 -0.0461006 
0.0162 -0.0461258 
0.016225 -0.046151 
0.01625 -0.0461761 
0.016275 -0.0462013 
0.0163 -0.0462264 
0.016325 -0.0462516 
0.01635 -0.0462767 
0.016375 -0.0463018 
0.0164 -0.0463269 
0.016425 -0.046352 
0.01645 -0.046377 
0.016475 -0.046402 
0.0165 -0.0464271 
0.016525 -0.0464521 
0.01655 -0.046477 
0.016575 -0.046502 
0.0166 -0.046527 
0.016625 -0.0465519 
0.01665 -0.0465768 
0.016675 -0.0466017 
0.0167 -0.0466266 
0.016725 -0.0466515 
0.01675 -0.0466763 
0.016775 -0.0467011 
0.0168 -0.0467259 
0.016825 -0.0467507 
0.01685 -0.0467755 
0.016875 -0.0468003 
0.0169 -0.046825 
0.016925 -0.0468497 
0.01695 -0.0468745 
0.016975 -0.0468991 
0.017 -0.0469238 
0.017025 -0.0469485 
0.01705 -0.0469731 
0.017075 -0.0469977 
0.0171 -0.0470223 
0.017125 -0.0470469 
0.01715 -0.0470715 
0.017175 -0.047096 
0.0172 -0.0471206 
0.017225 -0.0471451 
0.01725 -0.0471696 
0.017275 -0.0471941 
0.0173 -0.0472185 
0.017325 -0.047243 
0.01735 -0.0472674 
0.017375 -0.0472918 
0.0174 -0.0473162 
0.017425 -0.0473406 
0.01745 -0.0473649 
0.017475 -0.0473892 
0.0175 -0.0474136 
0.017525 -0.0474378 
0.01755 -0.0474621 
0.017575 -0.0474864 
0.0176 -0.0475106 
0.017625 -0.0475348 
0.01765 -0.0475589 
0.017675 -0.0475831 
0.0177 -0.0476072 
0.017725 -0.0476314 
0.01775 -0.0476555 
0.017775 -0.0476796 
0.0178 -0.0477036 
0.017825 -0.0477277 
0.01785 -0.0477517 
0.017875 -0.0477757 
0.0179 -0.0477997 
0.017925 -0.0478237 
0.01795 -0.0478477 
0.017975 -0.0478716 
0.018 -0.0478955 
0.018025 -0.0479194 
0.01805 -0.0479433 
0.018075 -0.0479672 
0.0181 -0.047991 
0.018125 -0.0480148 
0.01815 -0.0480386 
0.018175 -0.0480624 
0.0182 -0.0480862 
0.018225 -0.0481099 
0.01825 -0.0481336 
0.018275 -0.0481573 
0.0183 -0.048181 
0.018325 -0.0482047 
0.01835 -0.0482283 
0.018375 -0.0482519 
0.0184 -0.0482755 
0.018425 -0.0482991 
0.01845 -0.0483227 
0.018475 -0.0483462 
0.0185 -0.0483698 
0.018525 -0.0483933 
0.01855 -0.0484167 
0.018575 -0.0484402 
0.0186 -0.0484636 
0.018625 -0.0484871 
0.01865 -0.0485105 
0.018675 -0.0485338 
0.0187 -0.0485572 
0.018725 -0.0485805 
0.01875 -0.0486039 
0.018775 -0.0486272 
0.0188 -0.0486504 
0.018825 -0.0486737 
0.01885 -0.0486969 
0.018875 -0.0487201 
0.0189 -0.0487433 
0.018925 -0.0487665 
0.01895 -0.0487897 
0.018975 -0.0488128 
0.019 -0.0488359 
0.019025 -0.048859 
0.01905 -0.048882 
0.019075 -0.0489051 
0.0191 -0.0489281 
0.019125 -0.0489511 
0.01915 -0.0489741 
0.019175 -0.048997 
0.0192 -0.04902 
0.019225 -0.0490429 
0.01925 -0.0490657 
0.019275 -0.0490886 
0.0193 -0.0491115 
0.019325 -0.0491343 
0.01935 -0.0491571 
0.019375 -0.0491799 
0.0194 -0.0492027 
0.019425 -0.0492254 
0.01945 -0.0492481 
0.019475 -0.0492708 
0.0195 -0.0492935 
0.019525 -0.0493162 
0.01955 -0.0493388 
0.019575 -0.0493615 
0.0196 -0.0493841 
0.019625 -0.0494066 
0.01965 -0.0494292 
0.019675 -0.0494517 
0.0197 -0.0494743 
0.019725 -0.0494968 
0.01975 -0.0495192 
0.019775 -0.0495417 
0.0198 -0.0495641 
0.019825 -0.0495865 
0.01985 -0.0496089 
0.019875 -0.0496313 
0.0199 -0.0496536 
0.019925 -0.049676 
0.01995 -0.0496983 
0.019975 -0.0497206 
0.02 -0.0497428 
0.020025 -0.0497651 
0.02005 -0.0497873 
0.020075 -0.0498095 
0.0201 -0.0498317 
0.020125 -0.0498538 
0.02015 -0.049876 
0.020175 -0.0498981 
0.0202 -0.0499202 
0.020225 -0.0499422 
0.02025 -0.0499643 
0.020275 -0.0499863 
0.0203 -0.0500083 
0.020325 -0.0500303 
0.02035 -0.0500523 
0.020375 -0.0500742 
0.0204 -0.0500961 
0.020425 -0.050118 
0.02045 -0.0501399 
0.020475 -0.0501617 
0.0205 -0.0501836 
0.020525 -0.0502054 
0.02055 -0.0502272 
0.020575 -0.0502489 
0.0206 -0.0502707 
0.020625 -0.0502924 
0.02065 -0.0503141 
0.020675 -0.0503358 
0.0207 -0.0503574 
0.020725 -0.0503791 
0.02075 -0.0504007 
0.020775 -0.0504223 
0.0208 -0.0504438 
0.020825 -0.0504654 
0.02085 -0.0504869 
0.020875 -0.0505084 
0.0209 -0.0505299 
0.020925 -0.0505514 
0.02095 -0.0505728 
0.020975 -0.0505942 
0.021 -0.0506156 
0.021025 -0.050637 
0.02105 -0.0506584 
0.021075 -0.0506797 
0.0211 -0.050701 
0.021125 -0.0507223 
0.02115 -0.0507436 
0.021175 -0.0507648 
0.0212 -0.050786 
0.021225 -0.0508072 
0.02125 -0.0508284 
0.021275 -0.0508496 
0.0213 -0.0508707 
0.021325 -0.0508918 
0.02135 -0.0509129 
0.021375 -0.050934 
0.0214 -0.050955 
0.021425 -0.0509761 
0.02145 -0.0509971 
0.021475 -0.0510181 
0.0215 -0.051039 
0.021525 -0.05106 
0.02155 -0.0510809 
0.021575 -0.0511018 
0.0216 -0.0511227 
0.021625 -0.0511435 
0.02165 -0.0511644 
0.021675 -0.0511852 
0.0217 -0.051206 
0.021725 -0.0512267 
0.02175 -0.0512475 
0.021775 -0.0512682 
0.0218 -0.0512889 
0.021825 -0.0513096 
0.02185 -0.0513303 
0.021875 -0.0513509 
0.0219 -0.0513716 
0.021925 -0.0513922 
0.02195 -0.0514127 
0.021975 -0.0514333 
0.022 -0.0514538 
0.022025 -0.0514743 
0.02205 -0.0514948 
0.022075 -0.0515153 
0.0221 -0.0515357 
0.022125 -0.0515562 
0.02215 -0.0515766 
0.022175 -0.0515969 
0.0222 -0.0516173 
0.022225 -0.0516376 
0.02225 -0.051658 
0.022275 -0.0516783 
0.0223 -0.0516985 
0.022325 -0.0517188 
0.02235 -0.051739 
0.022375 -0.0517592 
0.0224 -0.0517794 
0.022425 -0.0517996 
0.02245 -0.0518197 
0.022475 -0.0518398 
0.0225 -0.0518599 
0.022525 -0.05188 
0.02255 -0.0519001 
0.022575 -0.0519201 
0.0226 -0.0519401 
0.022625 -0.0519601 
0.02265 -0.0519801 
0.022675 -0.052 
0.0227 -0.0520199 
0.022725 -0.0520398 
0.02275 -0.0520597 
0.022775 -0.0520796 
0.0228 -0.0520994 
0.022825 -0.0521193 
0.02285 -0.052139 
0.022875 -0.0521588 
0.0229 -0.0521786 
0.022925 -0.0521983 
0.02295 -0.052218 
0.022975 -0.0522377 
0.023 -0.0522574 
0.023025 -0.052277 
0.02305 -0.0522966 
0.023075 -0.0523162 
0.0231 -0.0523358 
0.023125 -0.0523554 
0.02315 -0.0523749 
0.023175 -0.0523944 
0.0232 -0.0524139 
0.023225 -0.0524334 
0.02325 -0.0524528 
0.023275 -0.0524723 
0.0233 -0.0524917 
0.023325 -0.0525111 
0.02335 -0.0525304 
0.023375 -0.0525498 
0.0234 -0.0525691 
0.023425 -0.0525884 
0.02345 -0.0526077 
0.023475 -0.0526269 
0.0235 -0.0526461 
0.023525 -0.0526653 
0.02355 -0.0526845 
0.023575 -0.0527037 
0.0236 -0.0527228 
0.023625 -0.052742 
0.02365 -0.0527611 
0.023675 -0.0527801 
0.0237 -0.0527992 
0.023725 -0.0528182 
0.02375 -0.0528372 
0.023775 -0.0528562 
0.0238 -0.0528752 
0.023825 -0.0528942 
0.02385 -0.0529131 
0.023875 -0.052932 
0.0239 -0.0529509 
0.023925 -0.0529697 
0.02395 -0.0529886 
0.023975 -0.0530074 
0.024 -0.0530262 
0.024025 -0.0530449 
0.02405 -0.0530637 
0.024075 -0.0530824 
0.0241 -0.0531011 
0.024125 -0.0531198 
0.02415 -0.0531384 
0.024175 -0.0531571 
0.0242 -0.0531757 
0.024225 -0.0531943 
0.02425 -0.0532128 
0.024275 -0.0532314 
0.0243 -0.0532499 
0.024325 -0.0532684 
0.02435 -0.0532869 
0.024375 -0.0533054 
0.0244 -0.0533238 
0.024425 -0.0533422 
0.02445 -0.0533606 
0.024475 -0.053379 
0.0245 -0.0533973 
0.024525 -0.0534157 
0.02455 -0.053434 
0.024575 -0.0534522 
0.0246 -0.0534705 
0.024625 -0.0534887 
0.02465 -0.053507 
0.024675 -0.0535252 
0.0247 -0.0535433 
0.024725 -0.0535615 
0.02475 -0.0535796 
0.024775 -0.0535977 
0.0248 -0.0536158 
0.024825 -0.0536338 
0.02485 -0.0536519 
0.024875 -0.0536699 
0.0249 -0.0536879 
0.024925 -0.0537058 
0.02495 -0.0537238 
0.024975 -0.0537417 
0.025 -0.0537596 
0.025025 -0.0537775 
0.02505 -0.0537953 
0.025075 -0.0538132 
0.0251 -0.053831 
0.025125 -0.0538488 
0.02515 -0.0538665 
0.025175 -0.0538843 
0.0252 -0.053902 
0.025225 -0.0539197 
0.02525 -0.0539374 
0.025275 -0.053955 
0.0253 -0.0539726 
0.025325 -0.0539903 
0.02535 -0.0540078 
0.025375 -0.0540254 
0.0254 -0.0540429 
0.025425 -0.0540604 
0.02545 -0.0540779 
0.025475 -0.0540954 
0.0255 -0.0541128 
0.025525 -0.0541303 
0.02555 -0.0541477 
0.025575 -0.054165 
0.0256 -0.0541824 
0.025625 -0.0541997 
0.02565 -0.054217 
0.025675 -0.0542343 
0.0257 -0.0542516 
0.025725 -0.0542688 
0.02575 -0.054286 
0.025775 -0.0543032 
0.0258 -0.0543204 
0.025825 -0.0543375 
0.02585 -0.0543547 
0.025875 -0.0543718 
0.0259 -0.0543888 
0.025925 -0.0544059 
0.02595 -0.0544229 
0.025975 -0.0544399 
0.026 -0.0544569 
0.026025 -0.0544739 
0.02605 -0.0544908 
0.026075 -0.0545077 
0.0261 -0.0545246 
0.026125 -0.0545415 
0.02615 -0.0545583 
0.026175 -0.0545751 
0.0262 -0.0545919 
0.026225 -0.0546087 
0.02625 -0.0546254 
0.026275 -0.0546422 
0.0263 -0.0546589 
0.026325 -0.0546755 
0.02635 -0.0546922 
0.026375 -0.0547088 
0.0264 -0.0547254 
0.026425 -0.054742 
0.02645 -0.0547585 
0.026475 -0.0547751 
0.0265 -0.0547916 
0.026525 -0.0548081 
0.02655 -0.0548245 
0.026575 -0.054841 
0.0266 -0.0548574 
0.026625 -0.0548738 
0.02665 -0.0548901 
0.026675 -0.0549065 
0.0267 -0.0549228 
0.026725 -0.0549391 
0.02675 -0.0549554 
0.026775 -0.0549716 
0.0268 -0.0549878 
0.026825 -0.055004 
0.02685 -0.0550202 
0.026875 -0.0550363 
0.0269 -0.0550524 
0.026925 -0.0550685 
0.02695 -0.0550846 
0.026975 -0.0551007 
0.027 -0.0551167 
0.027025 -0.0551327 
0.02705 -0.0551487 
0.027075 -0.0551646 
0.0271 -0.0551805 
0.027125 -0.0551964 
0.02715 -0.0552123 
0.027175 -0.0552282 
0.0272 -0.055244 
0.027225 -0.0552598 
0.02725 -0.0552756 
0.027275 -0.0552913 
0.0273 -0.055307 
0.027325 -0.0553228 
0.02735 -0.0553384 
0.027375 -0.0553541 
0.0274 -0.0553697 
0.027425 -0.0553853 
0.02745 -0.0554009 
0.027475 -0.0554164 
0.0275 -0.055432 
0.027525 -0.0554475 
0.02755 -0.0554629 
0.027575 -0.0554784 
0.0276 -0.0554938 
0.027625 -0.0555092 
0.02765 -0.0555246 
0.027675 -0.0555399 
0.0277 -0.0555553 
0.027725 -0.0555706 
0.02775 -0.0555858 
0.027775 -0.0556011 
0.0278 -0.0556163 
0.027825 -0.0556315 
0.02785 -0.0556467 
0.027875 -0.0556618 
0.0279 -0.0556769 
0.027925 -0.055692 
0.02795 -0.0557071 
0.027975 -0.0557221 
0.028 -0.0557371 
0.028025 -0.0557521 
0.02805 -0.0557671 
0.028075 -0.055782 
0.0281 -0.0557969 
0.028125 -0.0558118 
0.02815 -0.0558267 
0.028175 -0.0558415 
0.0282 -0.0558563 
0.028225 -0.0558711 
0.02825 -0.0558859 
0.028275 -0.0559006 
0.0283 -0.0559153 
0.028325 -0.05593 
0.02835 -0.0559446 
0.028375 -0.0559592 
0.0284 -0.0559738 
0.028425 -0.0559884 
0.02845 -0.0560029 
0.028475 -0.0560175 
0.0285 -0.0560319 
0.028525 -0.0560464 
0.02855 -0.0560608 
0.028575 -0.0560752 
0.0286 -0.0560896 
0.028625 -0.056104 
0.02865 -0.0561183 
0.028675 -0.0561326 
0.0287 -0.0561469 
0.028725 -0.0561611 
0.02875 -0.0561754 
0.028775 -0.0561895 
0.0288 -0.0562037 
0.028825 -0.0562179 
0.02885 -0.056232 
0.028875 -0.0562461 
0.0289 -0.0562601 
0.028925 -0.0562741 
0.02895 -0.0562881 
0.028975 -0.0563021 
0.029 -0.0563161 
0.029025 -0.05633 
0.02905 -0.0563439 
0.029075 -0.0563577 
0.0291 -0.0563716 
0.029125 -0.0563854 
0.02915 -0.0563992 
0.029175 -0.0564129 
0.0292 -0.0564267 
0.029225 -0.0564404 
0.02925 -0.056454 
0.029275 -0.0564677 
0.0293 -0.0564813 
0.029325 -0.0564949 
0.02935 -0.0565084 
0.029375 -0.056522 
0.0294 -0.0565355 
0.029425 -0.056549 
0.02945 -0.0565624 
0.029475 -0.0565758 
0.0295 -0.0565892 
0.029525 -0.0566026 
0.02955 -0.0566159 
0.029575 -0.0566292 
0.0296 -0.0566425 
0.029625 -0.0566558 
0.02965 -0.056669 
0.029675 -0.0566822 
0.0297 -0.0566953 
0.029725 -0.0567085 
0.02975 -0.0567216 
0.029775 -0.0567347 
0.0298 -0.0567477 
0.029825 -0.0567607 
0.02985 -0.0567737 
0.029875 -0.0567867 
0.0299 -0.0567996 
0.029925 -0.0568125 
0.02995 -0.0568254 
0.029975 -0.0568383 
0.03 -0.0568511 
0.030025 -0.0568639 
0.03005 -0.0568767 
0.030075 -0.0568894 
0.0301 -0.0569021 
0.030125 -0.0569148 
0.03015 -0.0569274 
0.030175 -0.05694 
0.0302 -0.0569526 
0.030225 -0.0569652 
0.03025 -0.0569777 
0.030275 -0.0569902 
0.0303 -0.0570027 
0.030325 -0.0570151 
0.03035 -0.0570275 
0.030375 -0.0570399 
0.0304 -0.0570523 
0.030425 -0.0570646 
0.03045 -0.0570769 
0.030475 -0.0570892 
0.0305 -0.0571014 
0.030525 -0.0571136 
0.03055 -0.0571258 
0.030575 -0.0571379 
0.0306 -0.05715 
0.030625 -0.0571621 
0.03065 -0.0571742 
0.030675 -0.0571862 
0.0307 -0.0571982 
0.030725 -0.0572102 
0.03075 -0.0572221 
0.030775 -0.057234 
0.0308 -0.0572459 
0.030825 -0.0572577 
0.03085 -0.0572696 
0.030875 -0.0572813 
0.0309 -0.0572931 
0.030925 -0.0573048 
0.03095 -0.0573165 
0.030975 -0.0573282 
0.031 -0.0573398 
0.031025 -0.0573514 
0.03105 -0.057363 
0.031075 -0.0573746 
0.0311 -0.0573861 
0.031125 -0.0573976 
0.03115 -0.057409 
0.031175 -0.0574204 
0.0312 -0.0574318 
0.031225 -0.0574432 
0.03125 -0.0574545 
0.031275 -0.0574658 
0.0313 -0.0574771 
0.031325 -0.0574883 
0.03135 -0.0574995 
0.031375 -0.0575107 
0.0314 -0.0575219 
0.031425 -0.057533 
0.03145 -0.0575441 
0.031475 -0.0575551 
0.0315 -0.0575661 
0.031525 -0.0575771 
0.03155 -0.0575881 
0.031575 -0.057599 
0.0316 -0.0576099 
0.031625 -0.0576208 
0.03165 -0.0576316 
0.031675 -0.0576424 
0.0317 -0.0576532 
0.031725 -0.0576639 
0.03175 -0.0576747 
0.031775 -0.0576853 
0.0318 -0.057696 
0.031825 -0.0577066 
0.03185 -0.0577172 
0.031875 -0.0577278 
0.0319 -0.0577383 
0.031925 -0.0577488 
0.03195 -0.0577592 
0.031975 -0.0577697 
0.032 -0.0577801 
0.032025 -0.0577904 
0.03205 -0.0578008 
0.032075 -0.0578111 
0.0321 -0.0578213 
0.032125 -0.0578316 
0.03215 -0.0578418 
0.032175 -0.057852 
0.0322 -0.0578621 
0.032225 -0.0578722 
0.03225 -0.0578823 
0.032275 -0.0578924 
0.0323 -0.0579024 
0.032325 -0.0579124 
0.03235 -0.0579223 
0.032375 -0.0579323 
0.0324 -0.0579422 
0.032425 -0.057952 
0.03245 -0.0579619 
0.032475 -0.0579716 
0.0325 -0.0579814 
0.032525 -0.0579911 
0.03255 -0.0580009 
0.032575 -0.0580105 
0.0326 -0.0580202 
0.032625 -0.0580298 
0.03265 -0.0580393 
0.032675 -0.0580489 
0.0327 -0.0580584 
0.032725 -0.0580679 
0.03275 -0.0580773 
0.032775 -0.0580867 
0.0328 -0.0580961 
0.032825 -0.0581055 
0.03285 -0.0581148 
0.032875 -0.0581241 
0.0329 -0.0581333 
0.032925 -0.0581425 
0.03295 -0.0581517 
0.032975 -0.0581609 
0.033 -0.05817 
0.033025 -0.0581791 
0.03305 -0.0581882 
0.033075 -0.0581972 
0.0331 -0.0582062 
0.033125 -0.0582152 
0.03315 -0.0582241 
0.033175 -0.058233 
0.0332 -0.0582419 
0.033225 -0.0582507 
0.03325 -0.0582595 
0.033275 -0.0582683 
0.0333 -0.058277 
0.033325 -0.0582857 
0.03335 -0.0582944 
0.033375 -0.058303 
0.0334 -0.0583116 
0.033425 -0.0583202 
0.03345 -0.0583287 
0.033475 -0.0583373 
0.0335 -0.0583457 
0.033525 -0.0583542 
0.03355 -0.0583626 
0.033575 -0.058371 
0.0336 -0.0583793 
0.033625 -0.0583876 
0.03365 -0.0583959 
0.033675 -0.0584042 
0.0337 -0.0584124 
0.033725 -0.0584206 
0.03375 -0.0584287 
0.033775 -0.0584369 
0.0338 -0.058445 
0.033825 -0.058453 
0.03385 -0.058461 
0.033875 -0.058469 
0.0339 -0.058477 
0.033925 -0.0584849 
0.03395 -0.0584928 
0.033975 -0.0585007 
0.034 -0.0585085 
0.034025 -0.0585163 
0.03405 -0.0585241 
0.034075 -0.0585318 
0.0341 -0.0585395 
0.034125 -0.0585472 
0.03415 -0.0585548 
0.034175 -0.0585624 
0.0342 -0.05857 
0.034225 -0.0585775 
0.03425 -0.058585 
0.034275 -0.0585925 
0.0343 -0.0585999 
0.034325 -0.0586073 
0.03435 -0.0586147 
0.034375 -0.0586221 
0.0344 -0.0586294 
0.034425 -0.0586367 
0.03445 -0.0586439 
0.034475 -0.0586511 
0.0345 -0.0586583 
0.034525 -0.0586654 
0.03455 -0.0586726 
0.034575 -0.0586796 
0.0346 -0.0586867 
0.034625 -0.0586937 
0.03465 -0.0587007 
0.034675 -0.0587077 
0.0347 -0.0587146 
0.034725 -0.0587215 
0.03475 -0.0587283 
0.034775 -0.0587352 
0.0348 -0.058742 
0.034825 -0.0587487 
0.03485 -0.0587555 
0.034875 -0.0587621 
0.0349 -0.0587688 
0.034925 -0.0587754 
0.03495 -0.058782 
0.034975 -0.0587886 
0.035 -0.0587952 
0.035025 -0.0588017 
0.03505 -0.0588081 
0.035075 -0.0588146 
0.0351 -0.058821 
0.035125 -0.0588274 
0.03515 -0.0588337 
0.035175 -0.05884 
0.0352 -0.0588463 
0.035225 -0.0588525 
0.03525 -0.0588588 
0.035275 -0.0588649 
0.0353 -0.0588711 
0.035325 -0.0588772 
0.03535 -0.0588833 
0.035375 -0.0588894 
0.0354 -0.0588954 
0.035425 -0.0589014 
0.03545 -0.0589073 
0.035475 -0.0589133 
0.0355 -0.0589192 
0.035525 -0.058925 
0.03555 -0.0589309 
0.035575 -0.0589367 
0.0356 -0.0589424 
0.035625 -0.0589482 
0.03565 -0.0589539 
0.035675 -0.0589596 
0.0357 -0.0589652 
0.035725 -0.0589708 
0.03575 -0.0589764 
0.035775 -0.058982 
0.0358 -0.0589875 
0.035825 -0.058993 
0.03585 -0.0589984 
0.035875 -0.0590039 
0.0359 -0.0590092 
0.035925 -0.0590146 
0.03595 -0.0590199 
0.035975 -0.0590252 
0.036 -0.0590305 
0.036025 -0.0590357 
0.03605 -0.0590409 
0.036075 -0.0590461 
0.0361 -0.0590513 
0.036125 -0.0590564 
0.03615 -0.0590615 
0.036175 -0.0590665 
0.0362 -0.0590715 
0.036225 -0.0590765 
0.03625 -0.0590815 
0.036275 -0.0590864 
0.0363 -0.0590913 
0.036325 -0.0590962 
0.03635 -0.059101 
0.036375 -0.0591058 
0.0364 -0.0591106 
0.036425 -0.0591153 
0.03645 -0.05912 
0.036475 -0.0591247 
0.0365 -0.0591294 
0.036525 -0.059134 
0.03655 -0.0591386 
0.036575 -0.0591431 
0.0366 -0.0591477 
0.036625 -0.0591522 
0.03665 -0.0591566 
0.036675 -0.0591611 
0.0367 -0.0591655 
0.036725 -0.0591699 
0.03675 -0.0591742 
0.036775 -0.0591785 
0.0368 -0.0591828 
0.036825 -0.0591871 
0.03685 -0.0591913 
0.036875 -0.0591955 
0.0369 -0.0591997 
0.036925 -0.0592038 
0.03695 -0.0592079 
0.036975 -0.059212 
0.037 -0.0592161 
0.037025 -0.0592201 
0.03705 -0.0592241 
0.037075 -0.059228 
0.0371 -0.059232 
0.037125 -0.0592359 
0.03715 -0.0592397 
0.037175 -0.0592436 
0.0372 -0.0592474 
0.037225 -0.0592512 
0.03725 -0.0592549 
0.037275 -0.0592587 
0.0373 -0.0592624 
0.037325 -0.059266 
0.03735 -0.0592697 
0.037375 -0.0592733 
0.0374 -0.0592769 
0.037425 -0.0592804 
0.03745 -0.0592839 
0.037475 -0.0592874 
0.0375 -0.0592909 
0.037525 -0.0592943 
0.03755 -0.0592978 
0.037575 -0.0593011 
0.0376 -0.0593045 
0.037625 -0.0593078 
0.03765 -0.0593111 
0.037675 -0.0593144 
0.0377 -0.0593176 
0.037725 -0.0593208 
0.03775 -0.059324 
0.037775 -0.0593272 
0.0378 -0.0593303 
0.037825 -0.0593334 
0.03785 -0.0593365 
0.037875 -0.0593395 
0.0379 -0.0593425 
0.037925 -0.0593455 
0.03795 -0.0593485 
0.037975 -0.0593514 
0.038 -0.0593543 
0.038025 -0.0593572 
0.03805 -0.05936 
0.038075 -0.0593629 
0.0381 -0.0593657 
0.038125 -0.0593684 
0.03815 -0.0593712 
0.038175 -0.0593739 
0.0382 -0.0593766 
0.038225 -0.0593792 
0.03825 -0.0593819 
0.038275 -0.0593845 
0.0383 -0.059387 
0.038325 -0.0593896 
0.03835 -0.0593921 
0.038375 -0.0593946 
0.0384 -0.0593971 
0.038425 -0.0593995 
0.03845 -0.059402 
0.038475 -0.0594043 
0.0385 -0.0594067 
0.038525 -0.0594091 
0.03855 -0.0594114 
0.038575 -0.0594137 
0.0386 -0.0594159 
0.038625 -0.0594181 
0.03865 -0.0594204 
0.038675 -0.0594225 
0.0387 -0.0594247 
0.038725 -0.0594268 
0.03875 -0.0594289 
0.038775 -0.059431 
0.0388 -0.0594331 
0.038825 -0.0594351 
0.03885 -0.0594371 
0.038875 -0.0594391 
0.0389 -0.059441 
0.038925 -0.059443 
0.03895 -0.0594449 
0.038975 -0.0594468 
0.039 -0.0594486 
0.039025 -0.0594504 
0.03905 -0.0594522 
0.039075 -0.059454 
0.0391 -0.0594558 
0.039125 -0.0594575 
0.03915 -0.0594592 
0.039175 -0.0594609 
0.0392 -0.0594625 
0.039225 -0.0594642 
0.03925 -0.0594658 
0.039275 -0.0594674 
0.0393 -0.0594689 
0.039325 -0.0594705 
0.03935 -0.059472 
0.039375 -0.0594735 
0.0394 -0.0594749 
0.039425 -0.0594764 
0.03945 -0.0594778 
0.039475 -0.0594792 
0.0395 -0.0594806 
0.039525 -0.0594819 
0.03955 -0.0594832 
0.039575 -0.0594845 
0.0396 -0.0594858 
0.039625 -0.059487 
0.03965 -0.0594883 
0.039675 -0.0594895 
0.0397 -0.0594907 
0.039725 -0.0594918 
0.03975 -0.059493 
0.039775 -0.0594941 
0.0398 -0.0594952 
0.039825 -0.0594962 
0.03985 -0.0594973 
0.039875 -0.0594983 
0.0399 -0.0594993 
0.039925 -0.0595003 
0.03995 -0.0595013 
0.039975 -0.0595022 
0.04 -0.0595031 
0.040025 -0.059504 
0.04005 -0.0595049 
0.040075 -0.0595057 
0.0401 -0.0595066 
0.040125 -0.0595074 
0.04015 -0.0595081 
0.040175 -0.0595089 
0.0402 -0.0595096 
0.040225 -0.0595104 
0.04025 -0.0595111 
0.040275 -0.0595117 
0.0403 -0.0595124 
0.040325 -0.059513 
0.04035 -0.0595136 
0.040375 -0.0595142 
0.0404 -0.0595148 
0.040425 -0.0595154 
0.04045 -0.0595159 
0.040475 -0.0595164 
0.0405 -0.0595169 
0.040525 -0.0595174 
0.04055 -0.0595178 
0.040575 -0.0595183 
0.0406 -0.0595187 
0.040625 -0.0595191 
0.04065 -0.0595194 
0.040675 -0.0595198 
0.0407 -0.0595201 
0.040725 -0.0595204 
0.04075 -0.0595207 
0.040775 -0.059521 
0.0408 -0.0595212 
0.040825 -0.0595215 
0.04085 -0.0595217 
0.040875 -0.0595219 
0.0409 -0.059522 
0.040925 -0.0595222 
0.04095 -0.0595223 
0.040975 -0.0595224 
0.041 -0.0595225 
0.041025 -0.0595226 
0.04105 -0.0595227 
0.041075 -0.0595227 
0.0411 -0.0595227 
0.041125 -0.0595227 
0.04115 -0.0595227 
0.041175 -0.0595227 
0.0412 -0.0595227 
0.041225 -0.0595226 
0.04125 -0.0595225 
0.041275 -0.0595224 
0.0413 -0.0595223 
0.041325 -0.0595221 
0.04135 -0.059522 
0.041375 -0.0595218 
0.0414 -0.0595216 
0.041425 -0.0595214 
0.04145 -0.0595212 
0.041475 -0.0595209 
0.0415 -0.0595206 
0.041525 -0.0595204 
0.04155 -0.0595201 
0.041575 -0.0595198 
0.0416 -0.0595194 
0.041625 -0.0595191 
0.04165 -0.0595187 
0.041675 -0.0595183 
0.0417 -0.0595179 
0.041725 -0.0595175 
0.04175 -0.0595171 
0.041775 -0.0595167 
0.0418 -0.0595162 
0.041825 -0.0595157 
0.04185 -0.0595152 
0.041875 -0.0595147 
0.0419 -0.0595142 
0.041925 -0.0595137 
0.04195 -0.0595131 
0.041975 -0.0595125 
0.042 -0.059512 
0.042025 -0.0595114 
0.04205 -0.0595107 
0.042075 -0.0595101 
0.0421 -0.0595095 
0.042125 -0.0595088 
0.04215 -0.0595081 
0.042175 -0.0595074 
0.0422 -0.0595067 
0.042225 -0.059506 
0.04225 -0.0595053 
0.042275 -0.0595045 
0.0423 -0.0595038 
0.042325 -0.059503 
0.04235 -0.0595022 
0.042375 -0.0595014 
0.0424 -0.0595005 
0.042425 -0.0594997 
0.04245 -0.0594989 
0.042475 -0.059498 
0.0425 -0.0594971 
0.042525 -0.0594962 
0.04255 -0.0594953 
0.042575 -0.0594944 
0.0426 -0.0594935 
0.042625 -0.0594925 
0.04265 -0.0594915 
0.042675 -0.0594906 
0.0427 -0.0594896 
0.042725 -0.0594886 
0.04275 -0.0594876 
0.042775 -0.0594865 
0.0428 -0.0594855 
0.042825 -0.0594844 
0.04285 -0.0594834 
0.042875 -0.0594823 
0.0429 -0.0594812 
0.042925 -0.0594801 
0.04295 -0.059479 
0.042975 -0.0594779 
0.043 -0.0594767 
0.043025 -0.0594756 
0.04305 -0.0594744 
0.043075 -0.0594732 
0.0431 -0.0594721 
0.043125 -0.0594709 
0.04315 -0.0594696 
0.043175 -0.0594684 
0.0432 -0.0594672 
0.043225 -0.0594659 
0.04325 -0.0594647 
0.043275 -0.0594634 
0.0433 -0.0594621 
0.043325 -0.0594608 
0.04335 -0.0594595 
0.043375 -0.0594582 
0.0434 -0.0594569 
0.043425 -0.0594556 
0.04345 -0.0594542 
0.043475 -0.0594529 
0.0435 -0.0594515 
0.043525 -0.0594501 
0.04355 -0.0594487 
0.043575 -0.0594473 
0.0436 -0.0594459 
0.043625 -0.0594445 
0.04365 -0.0594431 
0.043675 -0.0594416 
0.0437 -0.0594402 
0.043725 -0.0594387 
0.04375 -0.0594373 
0.043775 -0.0594358 
0.0438 -0.0594343 
0.043825 -0.0594328 
0.04385 -0.0594313 
0.043875 -0.0594298 
0.0439 -0.0594282 
0.043925 -0.0594267 
0.04395 -0.0594252 
0.043975 -0.0594236 
0.044 -0.0594221 
0.044025 -0.0594205 
0.04405 -0.0594189 
0.044075 -0.0594173 
0.0441 -0.0594157 
0.044125 -0.0594141 
0.04415 -0.0594125 
0.044175 -0.0594109 
0.0442 -0.0594092 
0.044225 -0.0594076 
0.04425 -0.0594059 
0.044275 -0.0594043 
0.0443 -0.0594026 
0.044325 -0.0594009 
0.04435 -0.0593993 
0.044375 -0.0593976 
0.0444 -0.0593959 
0.044425 -0.0593942 
0.04445 -0.0593924 
0.044475 -0.0593907 
0.0445 -0.059389 
0.044525 -0.0593873 
0.04455 -0.0593855 
0.044575 -0.0593838 
0.0446 -0.059382 
0.044625 -0.0593802 
0.04465 -0.0593785 
0.044675 -0.0593767 
0.0447 -0.0593749 
0.044725 -0.0593731 
0.04475 -0.0593713 
0.044775 -0.0593695 
0.0448 -0.0593677 
0.044825 -0.0593659 
0.04485 -0.059364 
0.044875 -0.0593622 
0.0449 -0.0593604 
0.044925 -0.0593585 
0.04495 -0.0593567 
0.044975 -0.0593548 
0.045 -0.0593529 
0.045025 -0.0593511 
0.04505 -0.0593492 
0.045075 -0.0593473 
0.0451 -0.0593454 
0.045125 -0.0593435 
0.04515 -0.0593416 
0.045175 -0.0593397 
0.0452 -0.0593378 
0.045225 -0.0593359 
0.04525 -0.059334 
0.045275 -0.059332 
0.0453 -0.0593301 
0.045325 -0.0593282 
0.04535 -0.0593262 
0.045375 -0.0593243 
0.0454 -0.0593223 
0.045425 -0.0593204 
0.04545 -0.0593184 
0.045475 -0.0593164 
0.0455 -0.0593145 
0.045525 -0.0593125 
0.04555 -0.0593105 
0.045575 -0.0593085 
0.0456 -0.0593065 
0.045625 -0.0593045 
0.04565 -0.0593025 
0.045675 -0.0593005 
0.0457 -0.0592985 
0.045725 -0.0592965 
0.04575 -0.0592945 
0.045775 -0.0592924 
0.0458 -0.0592904 
0.045825 -0.0592884 
0.04585 -0.0592864 
0.045875 -0.0592843 
0.0459 -0.0592823 
0.045925 -0.0592802 
0.04595 -0.0592782 
0.045975 -0.0592761 
0.046 -0.0592741 
0.046025 -0.059272 
0.04605 -0.0592699 
0.046075 -0.0592679 
0.0461 -0.0592658 
0.046125 -0.0592637 
0.04615 -0.0592617 
0.046175 -0.0592596 
0.0462 -0.0592575 
0.046225 -0.0592554 
0.04625 -0.0592533 
0.046275 -0.0592512 
0.0463 -0.0592491 
0.046325 -0.059247 
0.04635 -0.0592449 
0.046375 -0.0592428 
0.0464 -0.0592407 
0.046425 -0.0592386 
0.04645 -0.0592365 
0.046475 -0.0592344 
0.0465 -0.0592323 
0.046525 -0.0592302 
0.04655 -0.0592281 
0.046575 -0.0592259 
0.0466 -0.0592238 
0.046625 -0.0592217 
0.04665 -0.0592196 
0.046675 -0.0592174 
0.0467 -0.0592153 
0.046725 -0.0592132 
0.04675 -0.059211 
0.046775 -0.0592089 
0.0468 -0.0592068 
0.046825 -0.0592046 
0.04685 -0.0592025 
0.046875 -0.0592003 
0.0469 -0.0591982 
0.046925 -0.0591961 
0.04695 -0.0591939 
0.046975 -0.0591918 
0.047 -0.0591896 
0.047025 -0.0591875 
0.04705 -0.0591853 
0.047075 -0.0591832 
0.0471 -0.059181 
0.047125 -0.0591789 
0.04715 -0.0591767 
0.047175 -0.0591745 
0.0472 -0.0591724 
0.047225 -0.0591702 
0.04725 -0.0591681 
0.047275 -0.0591659 
0.0473 -0.0591637 
0.047325 -0.0591616 
0.04735 -0.0591594 
0.047375 -0.0591573 
0.0474 -0.0591551 
0.047425 -0.0591529 
0.04745 -0.0591508 
0.047475 -0.0591486 
0.0475 -0.0591464 
0.047525 -0.0591443 
0.04755 -0.0591421 
0.047575 -0.05914 
0.0476 -0.0591378 
0.047625 -0.0591356 
0.04765 -0.0591335 
0.047675 -0.0591313 
0.0477 -0.0591291 
0.047725 -0.059127 
0.04775 -0.0591248 
0.047775 -0.0591227 
0.0478 -0.0591205 
0.047825 -0.0591183 
0.04785 -0.0591162 
0.047875 -0.059114 
0.0479 -0.0591118 
0.047925 -0.0591097 
0.04795 -0.0591075 
0.047975 -0.0591054 
0.048 -0.0591032 
0.048025 -0.0591011 
0.04805 -0.0590989 
0.048075 -0.0590967 
0.0481 -0.0590946 
0.048125 -0.0590924 
0.04815 -0.0590903 
0.048175 -0.0590881 
0.0482 -0.059086 
0.048225 -0.0590838 
0.04825 -0.0590817 
0.048275 -0.0590795 
0.0483 -0.0590774 
0.048325 -0.0590752 
0.04835 -0.0590731 
0.048375 -0.059071 
0.0484 -0.0590688 
0.048425 -0.0590667 
0.04845 -0.0590645 
0.048475 -0.0590624 
0.0485 -0.0590603 
0.048525 -0.0590581 
0.04855 -0.059056 
0.048575 -0.0590539 
0.0486 -0.0590517 
0.048625 -0.0590496 
0.04865 -0.0590475 
0.048675 -0.0590454 
0.0487 -0.0590433 
0.048725 -0.0590411 
0.04875 -0.059039 
0.048775 -0.0590369 
0.0488 -0.0590348 
0.048825 -0.0590327 
0.04885 -0.0590306 
0.048875 -0.0590285 
0.0489 -0.0590264 
0.048925 -0.0590242 
0.04895 -0.0590221 
0.048975 -0.0590201 
0.049 -0.059018 
0.049025 -0.0590159 
0.04905 -0.0590138 
0.049075 -0.0590117 
0.0491 -0.0590096 
0.049125 -0.0590075 
0.04915 -0.0590054 
0.049175 -0.0590033 
0.0492 -0.0590013 
0.049225 -0.0589992 
0.04925 -0.0589971 
0.049275 -0.0589951 
0.0493 -0.058993 
0.049325 -0.0589909 
0.04935 -0.0589889 
0.049375 -0.0589868 
0.0494 -0.0589847 
0.049425 -0.0589827 
0.04945 -0.0589806 
0.049475 -0.0589786 
0.0495 -0.0589766 
0.049525 -0.0589745 
0.04955 -0.0589725 
0.049575 -0.0589704 
0.0496 -0.0589684 
0.049625 -0.0589664 
0.04965 -0.0589644 
0.049675 -0.0589623 
0.0497 -0.0589603 
0.049725 -0.0589583 
0.04975 -0.0589563 
0.049775 -0.0589543 
0.0498 -0.0589523 
0.049825 -0.0589503 
0.04985 -0.0589483 
0.049875 -0.0589463 
0.0499 -0.0589443 
0.049925 -0.0589423 
0.04995 -0.0589403 
0.049975 -0.0589383 
0.05 -0.0589363 
0.050025 -0.0589344 
0.05005 -0.0589324 
0.050075 -0.0589304 
0.0501 -0.0589285 
0.050125 -0.0589265 
0.05015 -0.0589245 
0.050175 -0.0589226 
0.0502 -0.0589206 
0.050225 -0.0589187 
0.05025 -0.0589167 
0.050275 -0.0589148 
0.0503 -0.0589129 
0.050325 -0.0589109 
0.05035 -0.058909 
0.050375 -0.0589071 
0.0504 -0.0589052 
0.050425 -0.0589032 
0.05045 -0.0589013 
0.050475 -0.0588994 
0.0505 -0.0588975 
0.050525 -0.0588956 
0.05055 -0.0588937 
0.050575 -0.0588918 
0.0506 -0.0588899 
0.050625 -0.0588881 
0.05065 -0.0588862 
0.050675 -0.0588843 
0.0507 -0.0588824 
0.050725 -0.0588806 
0.05075 -0.0588787 
0.050775 -0.0588768 
0.0508 -0.058875 
0.050825 -0.0588731 
0.05085 -0.0588713 
0.050875 -0.0588694 
0.0509 -0.0588676 
0.050925 -0.0588658 
0.05095 -0.0588639 
0.050975 -0.0588621 
0.051 -0.0588603 
0.051025 -0.0588585 
0.05105 -0.0588567 
0.051075 -0.0588549 
0.0511 -0.0588531 
0.051125 -0.0588513 
0.05115 -0.0588495 
0.051175 -0.0588477 
0.0512 -0.0588459 
0.051225 -0.0588441 
0.05125 -0.0588423 
0.051275 -0.0588406 
0.0513 -0.0588388 
0.051325 -0.058837 
0.05135 -0.0588353 
0.051375 -0.0588335 
0.0514 -0.0588318 
0.051425 -0.05883 
0.05145 -0.0588283 
0.051475 -0.0588266 
0.0515 -0.0588248 
0.051525 -0.0588231 
0.05155 -0.0588214 
0.051575 -0.0588197 
0.0516 -0.058818 
0.051625 -0.0588163 
0.05165 -0.0588146 
0.051675 -0.0588129 
0.0517 -0.0588112 
0.051725 -0.0588095 
0.05175 -0.0588078 
0.051775 -0.0588061 
0.0518 -0.0588044 
0.051825 -0.0588028 
0.05185 -0.0588011 
0.051875 -0.0587995 
0.0519 -0.0587978 
0.051925 -0.0587962 
0.05195 -0.0587945 
0.051975 -0.0587929 
0.052 -0.0587912 
0.052025 -0.0587896 
0.05205 -0.058788 
0.052075 -0.0587864 
0.0521 -0.0587848 
0.052125 -0.0587832 
0.05215 -0.0587816 
0.052175 -0.05878 
0.0522 -0.0587784 
0.052225 -0.0587768 
0.05225 -0.0587752 
0.052275 -0.0587736 
0.0523 -0.0587721 
0.052325 -0.0587705 
0.05235 -0.0587689 
0.052375 -0.0587674 
0.0524 -0.0587658 
0.052425 -0.0587643 
0.05245 -0.0587627 
0.052475 -0.0587612 
0.0525 -0.0587597 
0.052525 -0.0587581 
0.05255 -0.0587566 
0.052575 -0.0587551 
0.0526 -0.0587536 
0.052625 -0.0587521 
0.05265 -0.0587506 
0.052675 -0.0587491 
0.0527 -0.0587476 
0.052725 -0.0587461 
0.05275 -0.0587446 
0.052775 -0.0587432 
0.0528 -0.0587417 
0.052825 -0.0587402 
0.05285 -0.0587388 
0.052875 -0.0587373 
0.0529 -0.0587359 
0.052925 -0.0587344 
0.05295 -0.058733 
0.052975 -0.0587316 
0.053 -0.0587301 
0.053025 -0.0587287 
0.05305 -0.0587273 
0.053075 -0.0587259 
0.0531 -0.0587245 
0.053125 -0.0587231 
0.05315 -0.0587217 
0.053175 -0.0587203 
0.0532 -0.0587189 
0.053225 -0.0587176 
0.05325 -0.0587162 
0.053275 -0.0587148 
0.0533 -0.0587134 
0.053325 -0.0587121 
0.05335 -0.0587107 
0.053375 -0.0587094 
0.0534 -0.0587081 
0.053425 -0.0587067 
0.05345 -0.0587054 
0.053475 -0.0587041 
0.0535 -0.0587027 
0.053525 -0.0587014 
0.05355 -0.0587001 
0.053575 -0.0586988 
0.0536 -0.0586975 
0.053625 -0.0586962 
0.05365 -0.058695 
0.053675 -0.0586937 
0.0537 -0.0586924 
0.053725 -0.0586911 
0.05375 -0.0586899 
0.053775 -0.0586886 
0.0538 -0.0586874 
0.053825 -0.0586861 
0.05385 -0.0586849 
0.053875 -0.0586836 
0.0539 -0.0586824 
0.053925 -0.0586812 
0.05395 -0.0586799 
0.053975 -0.0586787 
0.054 -0.0586775 
0.054025 -0.0586763 
0.05405 -0.0586751 
0.054075 -0.0586739 
0.0541 -0.0586727 
0.054125 -0.0586715 
0.05415 -0.0586704 
0.054175 -0.0586692 
0.0542 -0.058668 
0.054225 -0.0586669 
0.05425 -0.0586657 
0.054275 -0.0586646 
0.0543 -0.0586634 
0.054325 -0.0586623 
0.05435 -0.0586611 
0.054375 -0.05866 
0.0544 -0.0586589 
0.054425 -0.0586578 
0.05445 -0.0586566 
0.054475 -0.0586555 
0.0545 -0.0586544 
0.054525 -0.0586533 
0.05455 -0.0586522 
0.054575 -0.0586512 
0.0546 -0.0586501 
0.054625 -0.058649 
0.05465 -0.0586479 
0.054675 -0.0586469 
0.0547 -0.0586458 
0.054725 -0.0586448 
0.05475 -0.0586437 
0.054775 -0.0586427 
0.0548 -0.0586416 
0.054825 -0.0586406 
0.05485 -0.0586396 
0.054875 -0.0586385 
0.0549 -0.0586375 
0.054925 -0.0586365 
0.05495 -0.0586355 
0.054975 -0.0586345 
0.055 -0.0586335 
0.055025 -0.0586325 
0.05505 -0.0586315 
0.055075 -0.0586306 
0.0551 -0.0586296 
0.055125 -0.0586286 
0.05515 -0.0586277 
0.055175 -0.0586267 
0.0552 -0.0586257 
0.055225 -0.0586248 
0.05525 -0.0586239 
0.055275 -0.0586229 
0.0553 -0.058622 
0.055325 -0.0586211 
0.05535 -0.0586201 
0.055375 -0.0586192 
0.0554 -0.0586183 
0.055425 -0.0586174 
0.05545 -0.0586165 
0.055475 -0.0586156 
0.0555 -0.0586147 
0.055525 -0.0586138 
0.05555 -0.058613 
0.055575 -0.0586121 
0.0556 -0.0586112 
0.055625 -0.0586104 
0.05565 -0.0586095 
0.055675 -0.0586087 
0.0557 -0.0586078 
0.055725 -0.058607 
0.05575 -0.0586061 
0.055775 -0.0586053 
0.0558 -0.0586045 
0.055825 -0.0586036 
0.05585 -0.0586028 
0.055875 -0.058602 
0.0559 -0.0586012 
0.055925 -0.0586004 
0.05595 -0.0585996 
0.055975 -0.0585988 
0.056 -0.058598 
0.056025 -0.0585972 
0.05605 -0.0585965 
0.056075 -0.0585957 
0.0561 -0.0585949 
0.056125 -0.0585942 
0.05615 -0.0585934 
0.056175 -0.0585927 
0.0562 -0.0585919 
0.056225 -0.0585912 
0.05625 -0.0585904 
0.056275 -0.0585897 
0.0563 -0.058589 
0.056325 -0.0585883 
0.05635 -0.0585875 
0.056375 -0.0585868 
0.0564 -0.0585861 
0.056425 -0.0585854 
0.05645 -0.0585847 
0.056475 -0.0585841 
0.0565 -0.0585834 
0.056525 -0.0585827 
0.05655 -0.058582 
0.056575 -0.0585813 
0.0566 -0.0585807 
0.056625 -0.05858 
0.05665 -0.0585794 
0.056675 -0.0585787 
0.0567 -0.0585781 
0.056725 -0.0585774 
0.05675 -0.0585768 
0.056775 -0.0585762 
0.0568 -0.0585755 
0.056825 -0.0585749 
0.05685 -0.0585743 
0.056875 -0.0585737 
0.0569 -0.0585731 
0.056925 -0.0585725 
0.05695 -0.0585719 
0.056975 -0.0585713 
0.057 -0.0585707 
0.057025 -0.0585701 
0.05705 -0.0585695 
0.057075 -0.058569 
0.0571 -0.0585684 
0.057125 -0.0585678 
0.05715 -0.0585673 
0.057175 -0.0585667 
0.0572 -0.0585662 
0.057225 -0.0585656 
0.05725 -0.0585651 
0.057275 -0.0585645 
0.0573 -0.058564 
0.057325 -0.0585635 
0.05735 -0.058563 
0.057375 -0.0585624 
0.0574 -0.0585619 
0.057425 -0.0585614 
0.05745 -0.0585609 
0.057475 -0.0585604 
0.0575 -0.0585599 
0.057525 -0.0585594 
0.05755 -0.0585589 
0.057575 -0.0585584 
0.0576 -0.058558 
0.057625 -0.0585575 
0.05765 -0.058557 
0.057675 -0.0585565 
0.0577 -0.0585561 
0.057725 -0.0585556 
0.05775 -0.0585552 
0.057775 -0.0585547 
0.0578 -0.0585543 
0.057825 -0.0585538 
0.05785 -0.0585534 
0.057875 -0.058553 
0.0579 -0.0585526 
0.057925 -0.0585521 
0.05795 -0.0585517 
0.057975 -0.0585513 
0.058 -0.0585509 
0.058025 -0.0585505 
0.05805 -0.0585501 
0.058075 -0.0585497 
0.0581 -0.0585493 
0.058125 -0.0585489 
0.05815 -0.0585486 
0.058175 -0.0585482 
0.0582 -0.0585478 
0.058225 -0.0585474 
0.05825 -0.0585471 
0.058275 -0.0585467 
0.0583 -0.0585464 
0.058325 -0.058546 
0.05835 -0.0585457 
0.058375 -0.0585453 
0.0584 -0.058545 
0.058425 -0.0585446 
0.05845 -0.0585443 
0.058475 -0.058544 
0.0585 -0.0585437 
0.058525 -0.0585434 
0.05855 -0.058543 
0.058575 -0.0585427 
0.0586 -0.0585424 
0.058625 -0.0585421 
0.05865 -0.0585418 
0.058675 -0.0585415 
0.0587 -0.0585412 
0.058725 -0.058541 
0.05875 -0.0585407 
0.058775 -0.0585404 
0.0588 -0.0585401 
0.058825 -0.0585399 
0.05885 -0.0585396 
0.058875 -0.0585393 
0.0589 -0.0585391 
0.058925 -0.0585388 
0.05895 -0.0585386 
0.058975 -0.0585383 
0.059 -0.0585381 
0.059025 -0.0585379 
0.05905 -0.0585376 
0.059075 -0.0585374 
0.0591 -0.0585372 
0.059125 -0.0585369 
0.05915 -0.0585367 
0.059175 -0.0585365 
0.0592 -0.0585363 
0.059225 -0.0585361 
0.05925 -0.0585359 
0.059275 -0.0585357 
0.0593 -0.0585355 
0.059325 -0.0585353 
0.05935 -0.0585351 
0.059375 -0.0585349 
0.0594 -0.0585347 
0.059425 -0.0585346 
0.05945 -0.0585344 
0.059475 -0.0585342 
0.0595 -0.058534 
0.059525 -0.0585339 
0.05955 -0.0585337 
0.059575 -0.0585336 
0.0596 -0.0585334 
0.059625 -0.0585333 
0.05965 -0.0585331 
0.059675 -0.058533 
0.0597 -0.0585328 
0.059725 -0.0585327 
0.05975 -0.0585326 
0.059775 -0.0585324 
0.0598 -0.0585323 
0.059825 -0.0585322 
0.05985 -0.0585321 
0.059875 -0.058532 
0.0599 -0.0585318 
0.059925 -0.0585317 
0.05995 -0.0585316 
0.059975 -0.0585315 
0.06 -0.0585314 
0.060025 -0.0585313 
0.06005 -0.0585312 
0.060075 -0.0585311 
0.0601 -0.0585311 
0.060125 -0.058531 
0.06015 -0.0585309 
0.060175 -0.0585308 
0.0602 -0.0585307 
0.060225 -0.0585307 
0.06025 -0.0585306 
0.060275 -0.0585305 
0.0603 -0.0585305 
0.060325 -0.0585304 
0.06035 -0.0585304 
0.060375 -0.0585303 
0.0604 -0.0585303 
0.060425 -0.0585302 
0.06045 -0.0585302 
0.060475 -0.0585301 
0.0605 -0.0585301 
0.060525 -0.0585301 
0.06055 -0.05853 
0.060575 -0.05853 
0.0606 -0.05853 
0.060625 -0.05853 
0.06065 -0.0585299 
0.060675 -0.0585299 
0.0607 -0.0585299 
0.060725 -0.0585299 
0.06075 -0.0585299 
0.060775 -0.0585299 
0.0608 -0.0585299 
0.060825 -0.0585299 
0.06085 -0.0585299 
0.060875 -0.0585299 
0.0609 -0.0585299 
0.060925 -0.0585299 
0.06095 -0.0585299 
0.060975 -0.0585299 
0.061 -0.05853 
0.061025 -0.05853 
0.06105 -0.05853 
0.061075 -0.05853 
0.0611 -0.0585301 
0.061125 -0.0585301 
0.06115 -0.0585301 
0.061175 -0.0585302 
0.0612 -0.0585302 
0.061225 -0.0585303 
0.06125 -0.0585303 
0.061275 -0.0585304 
0.0613 -0.0585304 
0.061325 -0.0585305 
0.06135 -0.0585305 
0.061375 -0.0585306 
0.0614 -0.0585306 
0.061425 -0.0585307 
0.06145 -0.0585308 
0.061475 -0.0585308 
0.0615 -0.0585309 
0.061525 -0.058531 
0.06155 -0.0585311 
0.061575 -0.0585311 
0.0616 -0.0585312 
0.061625 -0.0585313 
0.06165 -0.0585314 
0.061675 -0.0585315 
0.0617 -0.0585316 
0.061725 -0.0585317 
0.06175 -0.0585318 
0.061775 -0.0585319 
0.0618 -0.058532 
0.061825 -0.0585321 
0.06185 -0.0585322 
0.061875 -0.0585323 
0.0619 -0.0585324 
0.061925 -0.0585325 
0.06195 -0.0585326 
0.061975 -0.0585327 
0.062 -0.0585329 
0.062025 -0.058533 
0.06205 -0.0585331 
0.062075 -0.0585332 
0.0621 -0.0585334 
0.062125 -0.0585335 
0.06215 -0.0585336 
0.062175 -0.0585338 
0.0622 -0.0585339 
0.062225 -0.058534 
0.06225 -0.0585342 
0.062275 -0.0585343 
0.0623 -0.0585345 
0.062325 -0.0585346 
0.06235 -0.0585348 
0.062375 -0.0585349 
0.0624 -0.0585351 
0.062425 -0.0585352 
0.06245 -0.0585354 
0.062475 -0.0585355 
0.0625 -0.0585357 
0.062525 -0.0585359 
0.06255 -0.058536 
0.062575 -0.0585362 
0.0626 -0.0585364 
0.062625 -0.0585365 
0.06265 -0.0585367 
0.062675 -0.0585369 
0.0627 -0.0585371 
0.062725 -0.0585373 
0.06275 -0.0585374 
0.062775 -0.0585376 
0.0628 -0.0585378 
0.062825 -0.058538 
0.06285 -0.0585382 
0.062875 -0.0585384 
0.0629 -0.0585386 
0.062925 -0.0585388 
0.06295 -0.058539 
0.062975 -0.0585392 
0.063 -0.0585394 
0.063025 -0.0585396 
0.06305 -0.0585398 
0.063075 -0.05854 
0.0631 -0.0585402 
0.063125 -0.0585404 
0.06315 -0.0585406 
0.063175 -0.0585408 
0.0632 -0.058541 
0.063225 -0.0585413 
0.06325 -0.0585415 
0.063275 -0.0585417 
0.0633 -0.0585419 
0.063325 -0.0585421 
0.06335 -0.0585424 
0.063375 -0.0585426 
0.0634 -0.0585428 
0.063425 -0.0585431 
0.06345 -0.0585433 
0.063475 -0.0585435 
0.0635 -0.0585438 
0.063525 -0.058544 
0.06355 -0.0585442 
0.063575 -0.0585445 
0.0636 -0.0585447 
0.063625 -0.058545 
0.06365 -0.0585452 
0.063675 -0.0585455 
0.0637 -0.0585457 
0.063725 -0.058546 
0.06375 -0.0585462 
0.063775 -0.0585465 
0.0638 -0.0585467 
0.063825 -0.058547 
0.06385 -0.0585472 
0.063875 -0.0585475 
0.0639 -0.0585478 
0.063925 -0.058548 
0.06395 -0.0585483 
0.063975 -0.0585485 
0.064 -0.0585488 
0.064025 -0.0585491 
0.06405 -0.0585493 
0.064075 -0.0585496 
0.0641 -0.0585499 
0.064125 -0.0585502 
0.06415 -0.0585504 
0.064175 -0.0585507 
0.0642 -0.058551 
0.064225 -0.0585513 
0.06425 -0.0585515 
0.064275 -0.0585518 
0.0643 -0.0585521 
0.064325 -0.0585524 
0.06435 -0.0585527 
0.064375 -0.058553 
0.0644 -0.0585532 
0.064425 -0.0585535 
0.06445 -0.0585538 
0.064475 -0.0585541 
0.0645 -0.0585544 
0.064525 -0.0585547 
0.06455 -0.058555 
0.064575 -0.0585553 
0.0646 -0.0585556 
0.064625 -0.0585559 
0.06465 -0.0585562 
0.064675 -0.0585565 
0.0647 -0.0585568 
0.064725 -0.0585571 
0.06475 -0.0585574 
0.064775 -0.0585577 
0.0648 -0.058558 
0.064825 -0.0585583 
0.06485 -0.0585586 
0.064875 -0.0585589 
0.0649 -0.0585592 
0.064925 -0.0585595 
0.06495 -0.0585598 
0.064975 -0.0585601 
0.065 -0.0585604 
0.065025 -0.0585607 
0.06505 -0.058561 
0.065075 -0.0585614 
0.0651 -0.0585617 
0.065125 -0.058562 
0.06515 -0.0585623 
0.065175 -0.0585626 
0.0652 -0.0585629 
0.065225 -0.0585632 
0.06525 -0.0585636 
0.065275 -0.0585639 
0.0653 -0.0585642 
0.065325 -0.0585645 
0.06535 -0.0585648 
0.065375 -0.0585651 
0.0654 -0.0585655 
0.065425 -0.0585658 
0.06545 -0.0585661 
0.065475 -0.0585664 
0.0655 -0.0585667 
0.065525 -0.058567 
0.06555 -0.0585674 
0.065575 -0.0585677 
0.0656 -0.058568 
0.065625 -0.0585683 
0.06565 -0.0585687 
0.065675 -0.058569 
0.0657 -0.0585693 
0.065725 -0.0585696 
0.06575 -0.05857 
0.065775 -0.0585703 
0.0658 -0.0585706 
0.065825 -0.0585709 
0.06585 -0.0585713 
0.065875 -0.0585716 
0.0659 -0.0585719 
0.065925 -0.0585722 
0.06595 -0.0585726 
0.065975 -0.0585729 
0.066 -0.0585732 
0.066025 -0.0585736 
0.06605 -0.0585739 
0.066075 -0.0585742 
0.0661 -0.0585745 
0.066125 -0.0585749 
0.06615 -0.0585752 
0.066175 -0.0585755 
0.0662 -0.0585759 
0.066225 -0.0585762 
0.06625 -0.0585765 
0.066275 -0.0585769 
0.0663 -0.0585772 
0.066325 -0.0585775 
0.06635 -0.0585779 
0.066375 -0.0585782 
0.0664 -0.0585785 
0.066425 -0.0585789 
0.06645 -0.0585792 
0.066475 -0.0585795 
0.0665 -0.0585799 
0.066525 -0.0585802 
0.06655 -0.0585806 
0.066575 -0.0585809 
0.0666 -0.0585812 
0.066625 -0.0585816 
0.06665 -0.0585819 
0.066675 -0.0585822 
0.0667 -0.0585826 
0.066725 -0.0585829 
0.06675 -0.0585833 
0.066775 -0.0585836 
0.0668 -0.0585839 
0.066825 -0.0585843 
0.06685 -0.0585846 
0.066875 -0.058585 
0.0669 -0.0585853 
0.066925 -0.0585856 
0.06695 -0.058586 
0.066975 -0.0585863 
0.067 -0.0585867 
0.067025 -0.058587 
0.06705 -0.0585874 
0.067075 -0.0585877 
0.0671 -0.058588 
0.067125 -0.0585884 
0.06715 -0.0585887 
0.067175 -0.0585891 
0.0672 -0.0585894 
0.067225 -0.0585898 
0.06725 -0.0585901 
0.067275 -0.0585904 
0.0673 -0.0585908 
0.067325 -0.0585911 
0.06735 -0.0585915 
0.067375 -0.0585918 
0.0674 -0.0585922 
0.067425 -0.0585925 
0.06745 -0.0585929 
0.067475 -0.0585932 
0.0675 -0.0585935 
0.067525 -0.0585939 
0.06755 -0.0585942 
0.067575 -0.0585946 
0.0676 -0.0585949 
0.067625 -0.0585953 
0.06765 -0.0585956 
0.067675 -0.058596 
0.0677 -0.0585963 
0.067725 -0.0585966 
0.06775 -0.058597 
0.067775 -0.0585973 
0.0678 -0.0585977 
0.067825 -0.058598 
0.06785 -0.0585984 
0.067875 -0.0585987 
0.0679 -0.0585991 
0.067925 -0.0585994 
0.06795 -0.0585998 
0.067975 -0.0586001 
0.068 -0.0586004 
0.068025 -0.0586008 
0.06805 -0.0586011 
0.068075 -0.0586015 
0.0681 -0.0586018 
0.068125 -0.0586022 
0.06815 -0.0586025 
0.068175 -0.0586028 
0.0682 -0.0586032 
0.068225 -0.0586035 
0.06825 -0.0586039 
0.068275 -0.0586042 
0.0683 -0.0586045 
0.068325 -0.0586049 
0.06835 -0.0586052 
0.068375 -0.0586055 
0.0684 -0.0586059 
0.068425 -0.0586062 
0.06845 -0.0586065 
0.068475 -0.0586069 
0.0685 -0.0586072 
0.068525 -0.0586075 
0.06855 -0.0586079 
0.068575 -0.0586082 
0.0686 -0.0586085 
0.068625 -0.0586089 
0.06865 -0.0586092 
0.068675 -0.0586095 
0.0687 -0.0586098 
0.068725 -0.0586102 
0.06875 -0.0586105 
0.068775 -0.0586108 
0.0688 -0.0586112 
0.068825 -0.0586115 
0.06885 -0.0586118 
0.068875 -0.0586121 
0.0689 -0.0586125 
0.068925 -0.0586128 
0.06895 -0.0586131 
0.068975 -0.0586134 
0.069 -0.0586138 
0.069025 -0.0586141 
0.06905 -0.0586144 
0.069075 -0.0586147 
0.0691 -0.0586151 
0.069125 -0.0586154 
0.06915 -0.0586157 
0.069175 -0.058616 
0.0692 -0.0586163 
0.069225 -0.0586167 
0.06925 -0.058617 
0.069275 -0.0586173 
0.0693 -0.0586176 
0.069325 -0.0586179 
0.06935 -0.0586183 
0.069375 -0.0586186 
0.0694 -0.0586189 
0.069425 -0.0586192 
0.06945 -0.0586195 
0.069475 -0.0586198 
0.0695 -0.0586202 
0.069525 -0.0586205 
0.06955 -0.0586208 
0.069575 -0.0586211 
0.0696 -0.0586214 
0.069625 -0.0586217 
0.06965 -0.058622 
0.069675 -0.0586223 
0.0697 -0.0586227 
0.069725 -0.058623 
0.06975 -0.0586233 
0.069775 -0.0586236 
0.0698 -0.0586239 
0.069825 -0.0586242 
0.06985 -0.0586245 
0.069875 -0.0586248 
0.0699 -0.0586251 
0.069925 -0.0586254 
0.06995 -0.0586258 
0.069975 -0.0586261 
0.07 -0.0586264 
0.070025 -0.0586267 
0.07005 -0.058627 
0.070075 -0.0586273 
0.0701 -0.0586276 
0.070125 -0.0586279 
0.07015 -0.0586282 
0.070175 -0.0586285 
0.0702 -0.0586288 
0.070225 -0.0586291 
0.07025 -0.0586294 
0.070275 -0.0586297 
0.0703 -0.05863 
0.070325 -0.0586303 
0.07035 -0.0586306 
0.070375 -0.0586309 
0.0704 -0.0586312 
0.070425 -0.0586315 
0.07045 -0.0586318 
0.070475 -0.0586321 
0.0705 -0.0586324 
0.070525 -0.0586326 
0.07055 -0.0586329 
0.070575 -0.0586332 
0.0706 -0.0586335 
0.070625 -0.0586338 
0.07065 -0.0586341 
0.070675 -0.0586344 
0.0707 -0.0586347 
0.070725 -0.058635 
0.07075 -0.0586353 
0.070775 -0.0586356 
0.0708 -0.0586358 
0.070825 -0.0586361 
0.07085 -0.0586364 
0.070875 -0.0586367 
0.0709 -0.058637 
0.070925 -0.0586373 
0.07095 -0.0586375 
0.070975 -0.0586378 
0.071 -0.0586381 
0.071025 -0.0586384 
0.07105 -0.0586387 
0.071075 -0.058639 
0.0711 -0.0586392 
0.071125 -0.0586395 
0.07115 -0.0586398 
0.071175 -0.0586401 
0.0712 -0.0586403 
0.071225 -0.0586406 
0.07125 -0.0586409 
0.071275 -0.0586412 
0.0713 -0.0586414 
0.071325 -0.0586417 
0.07135 -0.058642 
0.071375 -0.0586422 
0.0714 -0.0586425 
0.071425 -0.0586428 
0.07145 -0.058643 
0.071475 -0.0586433 
0.0715 -0.0586436 
0.071525 -0.0586438 
0.07155 -0.0586441 
0.071575 -0.0586443 
0.0716 -0.0586446 
0.071625 -0.0586448 
0.07165 -0.0586451 
0.071675 -0.0586454 
0.0717 -0.0586456 
0.071725 -0.0586459 
0.07175 -0.0586461 
0.071775 -0.0586464 
0.0718 -0.0586466 
0.071825 -0.0586469 
0.07185 -0.0586471 
0.071875 -0.0586474 
0.0719 -0.0586476 
0.071925 -0.0586478 
0.07195 -0.0586481 
0.071975 -0.0586483 
0.072 -0.0586486 
0.072025 -0.0586488 
0.07205 -0.0586491 
0.072075 -0.0586493 
0.0721 -0.0586495 
0.072125 -0.0586498 
0.07215 -0.05865 
0.072175 -0.0586502 
0.0722 -0.0586505 
0.072225 -0.0586507 
0.07225 -0.0586509 
0.072275 -0.0586512 
0.0723 -0.0586514 
0.072325 -0.0586516 
0.07235 -0.0586519 
0.072375 -0.0586521 
0.0724 -0.0586523 
0.072425 -0.0586525 
0.07245 -0.0586528 
0.072475 -0.058653 
0.0725 -0.0586532 
0.072525 -0.0586534 
0.07255 -0.0586537 
0.072575 -0.0586539 
0.0726 -0.0586541 
0.072625 -0.0586543 
0.07265 -0.0586545 
0.072675 -0.0586547 
0.0727 -0.058655 
0.072725 -0.0586552 
0.07275 -0.0586554 
0.072775 -0.0586556 
0.0728 -0.0586558 
0.072825 -0.058656 
0.07285 -0.0586562 
0.072875 -0.0586564 
0.0729 -0.0586567 
0.072925 -0.0586569 
0.07295 -0.0586571 
0.072975 -0.0586573 
0.073 -0.0586575 
0.073025 -0.0586577 
0.07305 -0.0586579 
0.073075 -0.0586581 
0.0731 -0.0586583 
0.073125 -0.0586585 
0.07315 -0.0586587 
0.073175 -0.0586589 
0.0732 -0.0586591 
0.073225 -0.0586593 
0.07325 -0.0586595 
0.073275 -0.0586597 
0.0733 -0.0586599 
0.073325 -0.0586601 
0.07335 -0.0586603 
0.073375 -0.0586604 
0.0734 -0.0586606 
0.073425 -0.0586608 
0.07345 -0.058661 
0.073475 -0.0586612 
0.0735 -0.0586614 
0.073525 -0.0586616 
0.07355 -0.0586618 
0.073575 -0.0586619 
0.0736 -0.0586621 
0.073625 -0.0586623 
0.07365 -0.0586625 
0.073675 -0.0586627 
0.0737 -0.0586629 
0.073725 -0.058663 
0.07375 -0.0586632 
0.073775 -0.0586634 
0.0738 -0.0586636 
0.073825 -0.0586638 
0.07385 -0.0586639 
0.073875 -0.0586641 
0.0739 -0.0586643 
0.073925 -0.0586645 
0.07395 -0.0586646 
0.073975 -0.0586648 
0.074 -0.058665 
0.074025 -0.0586651 
0.07405 -0.0586653 
0.074075 -0.0586655 
0.0741 -0.0586656 
0.074125 -0.0586658 
0.07415 -0.058666 
0.074175 -0.0586661 
0.0742 -0.0586663 
0.074225 -0.0586665 
0.07425 -0.0586666 
0.074275 -0.0586668 
0.0743 -0.058667 
0.074325 -0.0586671 
0.07435 -0.0586673 
0.074375 -0.0586674 
0.0744 -0.0586676 
0.074425 -0.0586677 
0.07445 -0.0586679 
0.074475 -0.0586681 
0.0745 -0.0586682 
0.074525 -0.0586684 
0.07455 -0.0586685 
0.074575 -0.0586687 
0.0746 -0.0586688 
0.074625 -0.058669 
0.07465 -0.0586691 
0.074675 -0.0586693 
0.0747 -0.0586694 
0.074725 -0.0586696 
0.07475 -0.0586697 
0.074775 -0.0586698 
0.0748 -0.05867 
0.074825 -0.0586701 
0.07485 -0.0586703 
0.074875 -0.0586704 
0.0749 -0.0586705 
0.074925 -0.0586707 
0.07495 -0.0586708 
0.074975 -0.058671 
0.075 -0.0586711 
0.075025 -0.0586712 
0.07505 -0.0586714 
0.075075 -0.0586715 
0.0751 -0.0586716 
0.075125 -0.0586718 
0.07515 -0.0586719 
0.075175 -0.058672 
0.0752 -0.0586722 
0.075225 -0.0586723 
0.07525 -0.0586724 
0.075275 -0.0586725 
0.0753 -0.0586727 
0.075325 -0.0586728 
0.07535 -0.0586729 
0.075375 -0.058673 
0.0754 -0.0586732 
0.075425 -0.0586733 
0.07545 -0.0586734 
0.075475 -0.0586735 
0.0755 -0.0586736 
0.075525 -0.0586738 
0.07555 -0.0586739 
0.075575 -0.058674 
0.0756 -0.0586741 
0.075625 -0.0586742 
0.07565 -0.0586743 
0.075675 -0.0586744 
0.0757 -0.0586746 
0.075725 -0.0586747 
0.07575 -0.0586748 
0.075775 -0.0586749 
0.0758 -0.058675 
0.075825 -0.0586751 
0.07585 -0.0586752 
0.075875 -0.0586753 
0.0759 -0.0586754 
0.075925 -0.0586755 
0.07595 -0.0586756 
0.075975 -0.0586757 
0.076 -0.0586758 
0.076025 -0.0586759 
0.07605 -0.058676 
0.076075 -0.0586761 
0.0761 -0.0586762 
0.076125 -0.0586763 
0.07615 -0.0586764 
0.076175 -0.0586765 
0.0762 -0.0586766 
0.076225 -0.0586767 
0.07625 -0.0586768 
0.076275 -0.0586769 
0.0763 -0.058677 
0.076325 -0.0586771 
0.07635 -0.0586772 
0.076375 -0.0586773 
0.0764 -0.0586774 
0.076425 -0.0586774 
0.07645 -0.0586775 
0.076475 -0.0586776 
0.0765 -0.0586777 
0.076525 -0.0586778 
0.07655 -0.0586779 
0.076575 -0.058678 
0.0766 -0.058678 
0.076625 -0.0586781 
0.07665 -0.0586782 
0.076675 -0.0586783 
0.0767 -0.0586784 
0.076725 -0.0586784 
0.07675 -0.0586785 
0.076775 -0.0586786 
0.0768 -0.0586787 
0.076825 -0.0586787 
0.07685 -0.0586788 
0.076875 -0.0586789 
0.0769 -0.058679 
0.076925 -0.058679 
0.07695 -0.0586791 
0.076975 -0.0586792 
0.077 -0.0586792 
0.077025 -0.0586793 
0.07705 -0.0586794 
0.077075 -0.0586794 
0.0771 -0.0586795 
0.077125 -0.0586796 
0.07715 -0.0586796 
0.077175 -0.0586797 
0.0772 -0.0586797 
0.077225 -0.0586798 
0.07725 -0.0586799 
0.077275 -0.0586799 
0.0773 -0.05868 
0.077325 -0.05868 
0.07735 -0.0586801 
0.077375 -0.0586801 
0.0774 -0.0586802 
0.077425 -0.0586802 
0.07745 -0.0586803 
0.077475 -0.0586803 
0.0775 -0.0586804 
0.077525 -0.0586804 
0.07755 -0.0586805 
0.077575 -0.0586805 
0.0776 -0.0586805 
0.077625 -0.0586806 
0.07765 -0.0586806 
0.077675 -0.0586807 
0.0777 -0.0586807 
0.077725 -0.0586807 
0.07775 -0.0586808 
0.077775 -0.0586808 
0.0778 -0.0586808 
0.077825 -0.0586809 
0.07785 -0.0586809 
0.077875 -0.0586809 
0.0779 -0.058681 
0.077925 -0.058681 
0.07795 -0.058681 
0.077975 -0.058681 
0.078 -0.0586811 
0.078025 -0.0586811 
0.07805 -0.0586811 
0.078075 -0.0586811 
0.0781 -0.0586811 
0.078125 -0.0586812 
0.07815 -0.0586812 
0.078175 -0.0586812 
0.0782 -0.0586812 
0.078225 -0.0586812 
0.07825 -0.0586812 
0.078275 -0.0586813 
0.0783 -0.0586813 
0.078325 -0.0586813 
0.07835 -0.0586813 
0.078375 -0.0586813 
0.0784 -0.0586813 
0.078425 -0.0586813 
0.07845 -0.0586813 
0.078475 -0.0586813 
0.0785 -0.0586813 
0.078525 -0.0586814 
0.07855 -0.0586814 
0.078575 -0.0586814 
0.0786 -0.0586814 
0.078625 -0.0586814 
0.07865 -0.0586814 
0.078675 -0.0586814 
0.0787 -0.0586814 
0.078725 -0.0586814 
0.07875 -0.0586814 
0.078775 -0.0586814 
0.0788 -0.0586813 
0.078825 -0.0586813 
0.07885 -0.0586813 
0.078875 -0.0586813 
0.0789 -0.0586813 
0.078925 -0.0586813 
0.07895 -0.0586813 
0.078975 -0.0586813 
0.079 -0.0586813 
0.079025 -0.0586813 
0.07905 -0.0586813 
0.079075 -0.0586812 
0.0791 -0.0586812 
0.079125 -0.0586812 
0.07915 -0.0586812 
0.079175 -0.0586812 
0.0792 -0.0586812 
0.079225 -0.0586811 
0.07925 -0.0586811 
0.079275 -0.0586811 
0.0793 -0.0586811 
0.079325 -0.0586811 
0.07935 -0.058681 
0.079375 -0.058681 
0.0794 -0.058681 
0.079425 -0.058681 
0.07945 -0.0586809 
0.079475 -0.0586809 
0.0795 -0.0586809 
0.079525 -0.0586809 
0.07955 -0.0586808 
0.079575 -0.0586808 
0.0796 -0.0586808 
0.079625 -0.0586807 
0.07965 -0.0586807 
0.079675 -0.0586807 
0.0797 -0.0586806 
0.079725 -0.0586806 
0.07975 -0.0586806 
0.079775 -0.0586805 
0.0798 -0.0586805 
0.079825 -0.0586805 
0.07985 -0.0586804 
0.079875 -0.0586804 
0.0799 -0.0586804 
0.079925 -0.0586803 
0.07995 -0.0586803 
0.079975 -0.0586802 
0.08 -0.0586802 
0.080025 -0.0586802 
0.08005 -0.0586801 
0.080075 -0.0586801 
0.0801 -0.05868 
0.080125 -0.05868 
0.08015 -0.0586799 
0.080175 -0.0586799 
0.0802 -0.0586798 
0.080225 -0.0586798 
0.08025 -0.0586798 
0.080275 -0.0586797 
0.0803 -0.0586797 
0.080325 -0.0586796 
0.08035 -0.0586796 
0.080375 -0.0586795 
0.0804 -0.0586795 
0.080425 -0.0586794 
0.08045 -0.0586794 
0.080475 -0.0586793 
0.0805 -0.0586793 
0.080525 -0.0586792 
0.08055 -0.0586792 
0.080575 -0.0586791 
0.0806 -0.0586791 
0.080625 -0.058679 
0.08065 -0.058679 
0.080675 -0.0586789 
0.0807 -0.0586789 
0.080725 -0.0586788 
0.08075 -0.0586787 
0.080775 -0.0586787 
0.0808 -0.0586786 
0.080825 -0.0586786 
0.08085 -0.0586785 
0.080875 -0.0586785 
0.0809 -0.0586784 
0.080925 -0.0586784 
0.08095 -0.0586783 
0.080975 -0.0586782 
0.081 -0.0586782 
0.081025 -0.0586781 
0.08105 -0.0586781 
0.081075 -0.058678 
0.0811 -0.0586779 
0.081125 -0.0586779 
0.08115 -0.0586778 
0.081175 -0.0586778 
0.0812 -0.0586777 
0.081225 -0.0586776 
0.08125 -0.0586776 
0.081275 -0.0586775 
0.0813 -0.0586775 
0.081325 -0.0586774 
0.08135 -0.0586773 
0.081375 -0.0586773 
0.0814 -0.0586772 
0.081425 -0.0586771 
0.08145 -0.0586771 
0.081475 -0.058677 
0.0815 -0.058677 
0.081525 -0.0586769 
0.08155 -0.0586768 
0.081575 -0.0586768 
0.0816 -0.0586767 
0.081625 -0.0586766 
0.08165 -0.0586766 
0.081675 -0.0586765 
0.0817 -0.0586764 
0.081725 -0.0586764 
0.08175 -0.0586763 
0.081775 -0.0586762 
0.0818 -0.0586762 
0.081825 -0.0586761 
0.08185 -0.058676 
0.081875 -0.058676 
0.0819 -0.0586759 
0.081925 -0.0586758 
0.08195 -0.0586758 
0.081975 -0.0586757 
0.082 -0.0586756 
0.082025 -0.0586756 
0.08205 -0.0586755 
0.082075 -0.0586754 
0.0821 -0.0586753 
0.082125 -0.0586753 
0.08215 -0.0586752 
0.082175 -0.0586751 
0.0822 -0.0586751 
0.082225 -0.058675 
0.08225 -0.0586749 
0.082275 -0.0586748 
0.0823 -0.0586748 
0.082325 -0.0586747 
0.08235 -0.0586746 
0.082375 -0.0586746 
0.0824 -0.0586745 
0.082425 -0.0586744 
0.08245 -0.0586743 
0.082475 -0.0586743 
0.0825 -0.0586742 
0.082525 -0.0586741 
0.08255 -0.058674 
0.082575 -0.058674 
0.0826 -0.0586739 
0.082625 -0.0586738 
0.08265 -0.0586737 
0.082675 -0.0586737 
0.0827 -0.0586736 
0.082725 -0.0586735 
0.08275 -0.0586734 
0.082775 -0.0586733 
0.0828 -0.0586733 
0.082825 -0.0586732 
0.08285 -0.0586731 
0.082875 -0.058673 
0.0829 -0.058673 
0.082925 -0.0586729 
0.08295 -0.0586728 
0.082975 -0.0586727 
0.083 -0.0586726 
0.083025 -0.0586726 
0.08305 -0.0586725 
0.083075 -0.0586724 
0.0831 -0.0586723 
0.083125 -0.0586722 
0.08315 -0.0586722 
0.083175 -0.0586721 
0.0832 -0.058672 
0.083225 -0.0586719 
0.08325 -0.0586718 
0.083275 -0.0586717 
0.0833 -0.0586717 
0.083325 -0.0586716 
0.08335 -0.0586715 
0.083375 -0.0586714 
0.0834 -0.0586713 
0.083425 -0.0586712 
0.08345 -0.0586712 
0.083475 -0.0586711 
0.0835 -0.058671 
0.083525 -0.0586709 
0.08355 -0.0586708 
0.083575 -0.0586707 
0.0836 -0.0586707 
0.083625 -0.0586706 
0.08365 -0.0586705 
0.083675 -0.0586704 
0.0837 -0.0586703 
0.083725 -0.0586702 
0.08375 -0.0586702 
0.083775 -0.0586701 
0.0838 -0.05867 
0.083825 -0.0586699 
0.08385 -0.0586698 
0.083875 -0.0586697 
0.0839 -0.0586696 
0.083925 -0.0586696 
0.08395 -0.0586695 
0.083975 -0.0586694 
0.084 -0.0586693 
0.084025 -0.0586692 
0.08405 -0.0586691 
0.084075 -0.058669 
0.0841 -0.0586689 
0.084125 -0.0586689 
0.08415 -0.0586688 
0.084175 -0.0586687 
0.0842 -0.0586686 
0.084225 -0.0586685 
0.08425 -0.0586684 
0.084275 -0.0586683 
0.0843 -0.0586682 
0.084325 -0.0586682 
0.08435 -0.0586681 
0.084375 -0.058668 
0.0844 -0.0586679 
0.084425 -0.0586678 
0.08445 -0.0586677 
0.084475 -0.0586676 
0.0845 -0.0586675 
0.084525 -0.0586675 
0.08455 -0.0586674 
0.084575 -0.0586673 
0.0846 -0.0586672 
0.084625 -0.0586671 
0.08465 -0.058667 
0.084675 -0.0586669 
0.0847 -0.0586668 
0.084725 -0.0586667 
0.08475 -0.0586667 
0.084775 -0.0586666 
0.0848 -0.0586665 
0.084825 -0.0586664 
0.08485 -0.0586663 
0.084875 -0.0586662 
0.0849 -0.0586661 
0.084925 -0.058666 
0.08495 -0.0586659 
0.084975 -0.0586659 
0.085 -0.0586658 
0.085025 -0.0586657 
0.08505 -0.0586656 
0.085075 -0.0586655 
0.0851 -0.0586654 
0.085125 -0.0586653 
0.08515 -0.0586652 
0.085175 -0.0586651 
0.0852 -0.058665 
0.085225 -0.058665 
0.08525 -0.0586649 
0.085275 -0.0586648 
0.0853 -0.0586647 
0.085325 -0.0586646 
0.08535 -0.0586645 
0.085375 -0.0586644 
0.0854 -0.0586643 
0.085425 -0.0586642 
0.08545 -0.0586641 
0.085475 -0.0586641 
0.0855 -0.058664 
0.085525 -0.0586639 
0.08555 -0.0586638 
0.085575 -0.0586637 
0.0856 -0.0586636 
0.085625 -0.0586635 
0.08565 -0.0586634 
0.085675 -0.0586633 
0.0857 -0.0586632 
0.085725 -0.0586631 
0.08575 -0.0586631 
0.085775 -0.058663 
0.0858 -0.0586629 
0.085825 -0.0586628 
0.08585 -0.0586627 
0.085875 -0.0586626 
0.0859 -0.0586625 
0.085925 -0.0586624 
0.08595 -0.0586623 
0.085975 -0.0586622 
0.086 -0.0586621 
0.086025 -0.058662 
0.08605 -0.058662 
0.086075 -0.0586619 
0.0861 -0.0586618 
0.086125 -0.0586617 
0.08615 -0.0586616 
0.086175 -0.0586615 
0.0862 -0.0586614 
0.086225 -0.0586613 
0.08625 -0.0586612 
0.086275 -0.0586611 
0.0863 -0.058661 
0.086325 -0.058661 
0.08635 -0.0586609 
0.086375 -0.0586608 
0.0864 -0.0586607 
0.086425 -0.0586606 
0.08645 -0.0586605 
0.086475 -0.0586604 
0.0865 -0.0586603 
0.086525 -0.0586602 
0.08655 -0.0586601 
0.086575 -0.05866 
0.0866 -0.05866 
0.086625 -0.0586599 
0.08665 -0.0586598 
0.086675 -0.0586597 
0.0867 -0.0586596 
0.086725 -0.0586595 
0.08675 -0.0586594 
0.086775 -0.0586593 
0.0868 -0.0586592 
0.086825 -0.0586591 
0.08685 -0.058659 
0.086875 -0.058659 
0.0869 -0.0586589 
0.086925 -0.0586588 
0.08695 -0.0586587 
0.086975 -0.0586586 
0.087 -0.0586585 
0.087025 -0.0586584 
0.08705 -0.0586583 
0.087075 -0.0586582 
0.0871 -0.0586582 
0.087125 -0.0586581 
0.08715 -0.058658 
0.087175 -0.0586579 
0.0872 -0.0586578 
0.087225 -0.0586577 
0.08725 -0.0586576 
0.087275 -0.0586575 
0.0873 -0.0586574 
0.087325 -0.0586573 
0.08735 -0.0586573 
0.087375 -0.0586572 
0.0874 -0.0586571 
0.087425 -0.058657 
0.08745 -0.0586569 
0.087475 -0.0586568 
0.0875 -0.0586567 
0.087525 -0.0586566 
0.08755 -0.0586565 
0.087575 -0.0586565 
0.0876 -0.0586564 
0.087625 -0.0586563 
0.08765 -0.0586562 
0.087675 -0.0586561 
0.0877 -0.058656 
0.087725 -0.0586559 
0.08775 -0.0586558 
0.087775 -0.0586557 
0.0878 -0.0586557 
0.087825 -0.0586556 
0.08785 -0.0586555 
0.087875 -0.0586554 
0.0879 -0.0586553 
0.087925 -0.0586552 
0.08795 -0.0586551 
0.087975 -0.058655 
0.088 -0.058655 
0.088025 -0.0586549 
0.08805 -0.0586548 
0.088075 -0.0586547 
0.0881 -0.0586546 
0.088125 -0.0586545 
0.08815 -0.0586544 
0.088175 -0.0586543 
0.0882 -0.0586542 
0.088225 -0.0586542 
0.08825 -0.0586541 
0.088275 -0.058654 
0.0883 -0.0586539 
0.088325 -0.0586538 
0.08835 -0.0586537 
0.088375 -0.0586536 
0.0884 -0.0586535 
0.088425 -0.0586535 
0.08845 -0.0586534 
0.088475 -0.0586533 
0.0885 -0.0586532 
0.088525 -0.0586531 
0.08855 -0.058653 
0.088575 -0.0586529 
0.0886 -0.0586528 
0.088625 -0.0586528 
0.08865 -0.0586527 
0.088675 -0.0586526 
0.0887 -0.0586525 
0.088725 -0.0586524 
0.08875 -0.0586523 
0.088775 -0.0586522 
0.0888 -0.0586521 
0.088825 -0.0586521 
0.08885 -0.058652 
0.088875 -0.0586519 
0.0889 -0.0586518 
0.088925 -0.0586517 
0.08895 -0.0586516 
0.088975 -0.0586515 
0.089 -0.0586515 
0.089025 -0.0586514 
0.08905 -0.0586513 
0.089075 -0.0586512 
0.0891 -0.0586511 
0.089125 -0.058651 
0.08915 -0.0586509 
0.089175 -0.0586508 
0.0892 -0.0586508 
0.089225 -0.0586507 
0.08925 -0.0586506 
0.089275 -0.0586505 
0.0893 -0.0586504 
0.089325 -0.0586503 
0.08935 -0.0586502 
0.089375 -0.0586501 
0.0894 -0.0586501 
0.089425 -0.05865 
0.08945 -0.0586499 
0.089475 -0.0586498 
0.0895 -0.0586497 
0.089525 -0.0586496 
0.08955 -0.0586495 
0.089575 -0.0586495 
0.0896 -0.0586494 
0.089625 -0.0586493 
0.08965 -0.0586492 
0.089675 -0.0586491 
0.0897 -0.058649 
0.089725 -0.0586489 
0.08975 -0.0586489 
0.089775 -0.0586488 
0.0898 -0.0586487 
0.089825 -0.0586486 
0.08985 -0.0586485 
0.089875 -0.0586484 
0.0899 -0.0586484 
0.089925 -0.0586483 
0.08995 -0.0586482 
0.089975 -0.0586481 
0.09 -0.058648 
0.090025 -0.0586479 
0.09005 -0.0586478 
0.090075 -0.0586478 
0.0901 -0.0586477 
0.090125 -0.0586476 
0.09015 -0.0586475 
0.090175 -0.0586474 
0.0902 -0.0586473 
0.090225 -0.0586473 
0.09025 -0.0586472 
0.090275 -0.0586471 
0.0903 -0.058647 
0.090325 -0.0586469 
0.09035 -0.0586468 
0.090375 -0.0586468 
0.0904 -0.0586467 
0.090425 -0.0586466 
0.09045 -0.0586465 
0.090475 -0.0586464 
0.0905 -0.0586463 
0.090525 -0.0586463 
0.09055 -0.0586462 
0.090575 -0.0586461 
0.0906 -0.058646 
0.090625 -0.0586459 
0.09065 -0.0586458 
0.090675 -0.0586458 
0.0907 -0.0586457 
0.090725 -0.0586456 
0.09075 -0.0586455 
0.090775 -0.0586454 
0.0908 -0.0586453 
0.090825 -0.0586453 
0.09085 -0.0586452 
0.090875 -0.0586451 
0.0909 -0.058645 
0.090925 -0.0586449 
0.09095 -0.0586448 
0.090975 -0.0586448 
0.091 -0.0586447 
0.091025 -0.0586446 
0.09105 -0.0586445 
0.091075 -0.0586444 
0.0911 -0.0586443 
0.091125 -0.0586443 
0.09115 -0.0586442 
0.091175 -0.0586441 
0.0912 -0.058644 
0.091225 -0.0586439 
0.09125 -0.0586438 
0.091275 -0.0586438 
0.0913 -0.0586437 
0.091325 -0.0586436 
0.09135 -0.0586435 
0.091375 -0.0586434 
0.0914 -0.0586433 
0.091425 -0.0586433 
0.09145 -0.0586432 
0.091475 -0.0586431 
0.0915 -0.058643 
0.091525 -0.0586429 
0.09155 -0.0586429 
0.091575 -0.0586428 
0.0916 -0.0586427 
0.091625 -0.0586426 
0.09165 -0.0586425 
0.091675 -0.0586424 
0.0917 -0.0586424 
0.091725 -0.0586423 
0.09175 -0.0586422 
0.091775 -0.0586421 
0.0918 -0.058642 
0.091825 -0.058642 
0.09185 -0.0586419 
0.091875 -0.0586418 
0.0919 -0.0586417 
0.091925 -0.0586416 
0.09195 -0.0586416 
0.091975 -0.0586415 
0.092 -0.0586414 
0.092025 -0.0586413 
0.09205 -0.0586412 
0.092075 -0.0586411 
0.0921 -0.0586411 
0.092125 -0.058641 
0.09215 -0.0586409 
0.092175 -0.0586408 
0.0922 -0.0586407 
0.092225 -0.0586407 
0.09225 -0.0586406 
0.092275 -0.0586405 
0.0923 -0.0586404 
0.092325 -0.0586403 
0.09235 -0.0586403 
0.092375 -0.0586402 
0.0924 -0.0586401 
0.092425 -0.05864 
0.09245 -0.0586399 
0.092475 -0.0586399 
0.0925 -0.0586398 
0.092525 -0.0586397 
0.09255 -0.0586396 
0.092575 -0.0586396 
0.0926 -0.0586395 
0.092625 -0.0586394 
0.09265 -0.0586393 
0.092675 -0.0586392 
0.0927 -0.0586392 
0.092725 -0.0586391 
0.09275 -0.058639 
0.092775 -0.058639 
0.0928 -0.0586389 
0.092825 -0.0586388 
0.09285 -0.0586387 
0.092875 -0.0586387 
0.0929 -0.0586386 
0.092925 -0.0586385 
0.09295 -0.0586384 
0.092975 -0.0586384 
0.093 -0.0586383 
0.093025 -0.0586382 
0.09305 -0.0586382 
0.093075 -0.0586381 
0.0931 -0.058638 
0.093125 -0.058638 
0.09315 -0.0586379 
0.093175 -0.0586378 
0.0932 -0.0586378 
0.093225 -0.0586377 
0.09325 -0.0586376 
0.093275 -0.0586376 
0.0933 -0.0586375 
0.093325 -0.0586374 
0.09335 -0.0586374 
0.093375 -0.0586373 
0.0934 -0.0586372 
0.093425 -0.0586372 
0.09345 -0.0586371 
0.093475 -0.058637 
0.0935 -0.058637 
0.093525 -0.0586369 
0.09355 -0.0586369 
0.093575 -0.0586368 
0.0936 -0.0586367 
0.093625 -0.0586367 
0.09365 -0.0586366 
0.093675 -0.0586365 
0.0937 -0.0586365 
0.093725 -0.0586364 
0.09375 -0.0586364 
0.093775 -0.0586363 
0.0938 -0.0586363 
0.093825 -0.0586362 
0.09385 -0.0586361 
0.093875 -0.0586361 
0.0939 -0.058636 
0.093925 -0.058636 
0.09395 -0.0586359 
0.093975 -0.0586358 
0.094 -0.0586358 
0.094025 -0.0586357 
0.09405 -0.0586357 
0.094075 -0.0586356 
0.0941 -0.0586356 
0.094125 -0.0586355 
0.09415 -0.0586355 
0.094175 -0.0586354 
0.0942 -0.0586354 
0.094225 -0.0586353 
0.09425 -0.0586352 
0.094275 -0.0586352 
0.0943 -0.0586351 
0.094325 -0.0586351 
0.09435 -0.058635 
0.094375 -0.058635 
0.0944 -0.0586349 
0.094425 -0.0586349 
0.09445 -0.0586348 
0.094475 -0.0586348 
0.0945 -0.0586347 
0.094525 -0.0586347 
0.09455 -0.0586346 
0.094575 -0.0586346 
0.0946 -0.0586345 
0.094625 -0.0586345 
0.09465 -0.0586344 
0.094675 -0.0586344 
0.0947 -0.0586343 
0.094725 -0.0586343 
0.09475 -0.0586342 
0.094775 -0.0586342 
0.0948 -0.0586341 
0.094825 -0.0586341 
0.09485 -0.0586341 
0.094875 -0.058634 
0.0949 -0.058634 
0.094925 -0.0586339 
0.09495 -0.0586339 
0.094975 -0.0586338 
0.095 -0.0586338 
0.095025 -0.0586337 
0.09505 -0.0586337 
0.095075 -0.0586336 
0.0951 -0.0586336 
0.095125 -0.0586336 
0.09515 -0.0586335 
0.095175 -0.0586335 
0.0952 -0.0586334 
0.095225 -0.0586334 
0.09525 -0.0586333 
0.095275 -0.0586333 
0.0953 -0.0586333 
0.095325 -0.0586332 
0.09535 -0.0586332 
0.095375 -0.0586331 
0.0954 -0.0586331 
0.095425 -0.058633 
0.09545 -0.058633 
0.095475 -0.058633 
0.0955 -0.0586329 
0.095525 -0.0586329 
0.09555 -0.0586328 
0.095575 -0.0586328 
0.0956 -0.0586328 
0.095625 -0.0586327 
0.09565 -0.0586327 
0.095675 -0.0586326 
0.0957 -0.0586326 
0.095725 -0.0586326 
0.09575 -0.0586325 
0.095775 -0.0586325 
0.0958 -0.0586325 
0.095825 -0.0586324 
0.09585 -0.0586324 
0.095875 -0.0586323 
0.0959 -0.0586323 
0.095925 -0.0586323 
0.09595 -0.0586322 
0.095975 -0.0586322 
0.096 -0.0586322 
0.096025 -0.0586321 
0.09605 -0.0586321 
0.096075 -0.0586321 
0.0961 -0.058632 
0.096125 -0.058632 
0.09615 -0.058632 
0.096175 -0.0586319 
0.0962 -0.0586319 
0.096225 -0.0586319 
0.09625 -0.0586318 
0.096275 -0.0586318 
0.0963 -0.0586318 
0.096325 -0.0586317 
0.09635 -0.0586317 
0.096375 -0.0586317 
0.0964 -0.0586316 
0.096425 -0.0586316 
0.09645 -0.0586316 
0.096475 -0.0586315 
0.0965 -0.0586315 
0.096525 -0.0586315 
0.09655 -0.0586314 
0.096575 -0.0586314 
0.0966 -0.0586314 
0.096625 -0.0586314 
0.09665 -0.0586313 
0.096675 -0.0586313 
0.0967 -0.0586313 
0.096725 -0.0586312 
0.09675 -0.0586312 
0.096775 -0.0586312 
0.0968 -0.0586312 
0.096825 -0.0586311 
0.09685 -0.0586311 
0.096875 -0.0586311 
0.0969 -0.058631 
0.096925 -0.058631 
0.09695 -0.058631 
0.096975 -0.058631 
0.097 -0.0586309 
0.097025 -0.0586309 
0.09705 -0.0586309 
0.097075 -0.0586309 
0.0971 -0.0586308 
0.097125 -0.0586308 
0.09715 -0.0586308 
0.097175 -0.0586308 
0.0972 -0.0586307 
0.097225 -0.0586307 
0.09725 -0.0586307 
0.097275 -0.0586307 
0.0973 -0.0586307 
0.097325 -0.0586306 
0.09735 -0.0586306 
0.097375 -0.0586306 
0.0974 -0.0586306 
0.097425 -0.0586305 
0.09745 -0.0586305 
0.097475 -0.0586305 
0.0975 -0.0586305 
0.097525 -0.0586305 
0.09755 -0.0586304 
0.097575 -0.0586304 
0.0976 -0.0586304 
0.097625 -0.0586304 
0.09765 -0.0586304 
0.097675 -0.0586304 
0.0977 -0.0586303 
0.097725 -0.0586303 
0.09775 -0.0586303 
0.097775 -0.0586303 
0.0978 -0.0586303 
0.097825 -0.0586303 
0.09785 -0.0586302 
0.097875 -0.0586302 
0.0979 -0.0586302 
0.097925 -0.0586302 
0.09795 -0.0586302 
0.097975 -0.0586302 
0.098 -0.0586301 
0.098025 -0.0586301 
0.09805 -0.0586301 
0.098075 -0.0586301 
0.0981 -0.0586301 
0.098125 -0.0586301 
0.09815 -0.0586301 
0.098175 -0.05863 
0.0982 -0.05863 
0.098225 -0.05863 
0.09825 -0.05863 
0.098275 -0.05863 
0.0983 -0.05863 
0.098325 -0.05863 
0.09835 -0.05863 
0.098375 -0.05863 
0.0984 -0.0586299 
0.098425 -0.0586299 
0.09845 -0.0586299 
0.098475 -0.0586299 
0.0985 -0.0586299 
0.098525 -0.0586299 
0.09855 -0.0586299 
0.098575 -0.0586299 
0.0986 -0.0586299 
0.098625 -0.0586299 
0.09865 -0.0586298 
0.098675 -0.0586298 
0.0987 -0.0586298 
0.098725 -0.0586298 
0.09875 -0.0586298 
0.098775 -0.0586298 
0.0988 -0.0586298 
0.098825 -0.0586298 
0.09885 -0.0586298 
0.098875 -0.0586298 
0.0989 -0.0586298 
0.098925 -0.0586298 
0.09895 -0.0586298 
0.098975 -0.0586298 
0.099 -0.0586297 
0.099025 -0.0586297 
0.09905 -0.0586297 
0.099075 -0.0586297 
0.0991 -0.0586297 
0.099125 -0.0586297 
0.09915 -0.0586297 
0.099175 -0.0586297 
0.0992 -0.0586297 
0.099225 -0.0586297 
0.09925 -0.0586297 
0.099275 -0.0586297 
0.0993 -0.0586297 
0.099325 -0.0586297 
0.09935 -0.0586297 
0.099375 -0.0586297 
0.0994 -0.0586297 
0.099425 -0.0586297 
0.09945 -0.0586297 
0.099475 -0.0586297 
0.0995 -0.0586297 
0.099525 -0.0586297 
0.09955 -0.0586297 
0.099575 -0.0586297 
0.0996 -0.0586297 
0.099625 -0.0586297 
0.09965 -0.0586297 
0.099675 -0.0586297 
0.0997 -0.0586297 
0.099725 -0.0586297 
0.09975 -0.0586297 
0.099775 -0.0586297 
0.0998 -0.0586297 
0.099825 -0.0586297 
0.09985 -0.0586297 
0.099875 -0.0586297 
0.0999 -0.0586297 
0.099925 -0.0586297 
0.09995 -0.0586297 
0.099975 -0.0586297 
