0 -0.066866 
2.5e-05 -0.0668685 
5e-05 -0.0668708 
7.5e-05 -0.0668731 
0.0001 -0.0668752 
0.000125 -0.0668771 
0.00015 -0.0668788 
0.000175 -0.0668803 
0.0002 -0.0668817 
0.000225 -0.066883 
0.00025 -0.0668843 
0.000275 -0.0668856 
0.0003 -0.0668871 
0.000325 -0.0668889 
0.00035 -0.0668908 
0.000375 -0.0668932 
0.0004 -0.0668959 
0.000425 -0.066899 
0.00045 -0.0669027 
0.000475 -0.0669069 
0.0005 -0.0669116 
0.000525 -0.0669168 
0.00055 -0.0669227 
0.000575 -0.0669292 
0.0006 -0.0669363 
0.000625 -0.066944 
0.00065 -0.0669523 
0.000675 -0.0669613 
0.0007 -0.0669708 
0.000725 -0.066981 
0.00075 -0.0669918 
0.000775 -0.0670032 
0.0008 -0.0670153 
0.000825 -0.0670279 
0.00085 -0.0670411 
0.000875 -0.0670548 
0.0009 -0.0670691 
0.000925 -0.067084 
0.00095 -0.0670994 
0.000975 -0.0671154 
0.001 -0.0671319 
0.001025 -0.0671488 
0.00105 -0.0671663 
0.001075 -0.0671843 
0.0011 -0.0672027 
0.001125 -0.0672216 
0.00115 -0.0672409 
0.001175 -0.0672607 
0.0012 -0.067281 
0.001225 -0.0673016 
0.00125 -0.0673226 
0.001275 -0.0673441 
0.0013 -0.0673659 
0.001325 -0.0673882 
0.00135 -0.0674108 
0.001375 -0.0674337 
0.0014 -0.0674571 
0.001425 -0.0674807 
0.00145 -0.0675047 
0.001475 -0.067529 
0.0015 -0.0675537 
0.001525 -0.0675787 
0.00155 -0.0676039 
0.001575 -0.0676295 
0.0016 -0.0676554 
0.001625 -0.0676815 
0.00165 -0.0677079 
0.001675 -0.0677346 
0.0017 -0.0677615 
0.001725 -0.0677887 
0.00175 -0.0678162 
0.001775 -0.0678438 
0.0018 -0.0678718 
0.001825 -0.0678999 
0.00185 -0.0679283 
0.001875 -0.0679568 
0.0019 -0.0679856 
0.001925 -0.0680146 
0.00195 -0.0680438 
0.001975 -0.0680732 
0.002 -0.0681028 
0.002025 -0.0681325 
0.00205 -0.0681624 
0.002075 -0.0681925 
0.0021 -0.0682228 
0.002125 -0.0682532 
0.00215 -0.0682837 
0.002175 -0.0683145 
0.0022 -0.0683453 
0.002225 -0.0683763 
0.00225 -0.0684074 
0.002275 -0.0684387 
0.0023 -0.06847 
0.002325 -0.0685015 
0.00235 -0.0685332 
0.002375 -0.0685649 
0.0024 -0.0685967 
0.002425 -0.0686286 
0.00245 -0.0686606 
0.002475 -0.0686927 
0.0025 -0.0687249 
0.002525 -0.0687572 
0.00255 -0.0687896 
0.002575 -0.068822 
0.0026 -0.0688545 
0.002625 -0.0688871 
0.00265 -0.0689197 
0.002675 -0.0689524 
0.0027 -0.0689852 
0.002725 -0.069018 
0.00275 -0.0690508 
0.002775 -0.0690837 
0.0028 -0.0691167 
0.002825 -0.0691497 
0.00285 -0.0691827 
0.002875 -0.0692157 
0.0029 -0.0692488 
0.002925 -0.0692819 
0.00295 -0.069315 
0.002975 -0.0693482 
0.003 -0.0693813 
0.003025 -0.0694145 
0.00305 -0.0694477 
0.003075 -0.0694808 
0.0031 -0.069514 
0.003125 -0.0695472 
0.00315 -0.0695804 
0.003175 -0.0696136 
0.0032 -0.0696468 
0.003225 -0.0696799 
0.00325 -0.0697131 
0.003275 -0.0697462 
0.0033 -0.0697793 
0.003325 -0.0698124 
0.00335 -0.0698455 
0.003375 -0.0698786 
0.0034 -0.0699116 
0.003425 -0.0699446 
0.00345 -0.0699776 
0.003475 -0.0700105 
0.0035 -0.0700434 
0.003525 -0.0700763 
0.00355 -0.0701091 
0.003575 -0.0701419 
0.0036 -0.0701746 
0.003625 -0.0702073 
0.00365 -0.0702399 
0.003675 -0.0702725 
0.0037 -0.070305 
0.003725 -0.0703375 
0.00375 -0.07037 
0.003775 -0.0704023 
0.0038 -0.0704346 
0.003825 -0.0704669 
0.00385 -0.0704991 
0.003875 -0.0705312 
0.0039 -0.0705633 
0.003925 -0.0705953 
0.00395 -0.0706272 
0.003975 -0.0706591 
0.004 -0.0706909 
0.004025 -0.0707226 
0.00405 -0.0707542 
0.004075 -0.0707858 
0.0041 -0.0708173 
0.004125 -0.0708487 
0.00415 -0.07088 
0.004175 -0.0709113 
0.0042 -0.0709424 
0.004225 -0.0709735 
0.00425 -0.0710045 
0.004275 -0.0710355 
0.0043 -0.0710663 
0.004325 -0.071097 
0.00435 -0.0711277 
0.004375 -0.0711583 
0.0044 -0.0711887 
0.004425 -0.0712191 
0.00445 -0.0712494 
0.004475 -0.0712796 
0.0045 -0.0713097 
0.004525 -0.0713397 
0.00455 -0.0713697 
0.004575 -0.0713995 
0.0046 -0.0714292 
0.004625 -0.0714588 
0.00465 -0.0714883 
0.004675 -0.0715178 
0.0047 -0.0715471 
0.004725 -0.0715763 
0.00475 -0.0716054 
0.004775 -0.0716345 
0.0048 -0.0716634 
0.004825 -0.0716922 
0.00485 -0.0717209 
0.004875 -0.0717495 
0.0049 -0.071778 
0.004925 -0.0718064 
0.00495 -0.0718346 
0.004975 -0.0718628 
0.005 -0.0718909 
0.005025 -0.0719188 
0.00505 -0.0719467 
0.005075 -0.0719744 
0.0051 -0.072002 
0.005125 -0.0720295 
0.00515 -0.0720569 
0.005175 -0.0720842 
0.0052 -0.0721114 
0.005225 -0.0721385 
0.00525 -0.0721654 
0.005275 -0.0721922 
0.0053 -0.072219 
0.005325 -0.0722456 
0.00535 -0.0722721 
0.005375 -0.0722985 
0.0054 -0.0723247 
0.005425 -0.0723509 
0.00545 -0.0723769 
0.005475 -0.0724028 
0.0055 -0.0724286 
0.005525 -0.0724543 
0.00555 -0.0724799 
0.005575 -0.0725053 
0.0056 -0.0725307 
0.005625 -0.0725559 
0.00565 -0.072581 
0.005675 -0.072606 
0.0057 -0.0726308 
0.005725 -0.0726556 
0.00575 -0.0726802 
0.005775 -0.0727047 
0.0058 -0.0727291 
0.005825 -0.0727534 
0.00585 -0.0727775 
0.005875 -0.0728016 
0.0059 -0.0728255 
0.005925 -0.0728493 
0.00595 -0.072873 
0.005975 -0.0728965 
0.006 -0.07292 
0.006025 -0.0729433 
0.00605 -0.0729665 
0.006075 -0.0729896 
0.0061 -0.0730125 
0.006125 -0.0730353 
0.00615 -0.0730581 
0.006175 -0.0730807 
0.0062 -0.0731031 
0.006225 -0.0731255 
0.00625 -0.0731477 
0.006275 -0.0731699 
0.0063 -0.0731919 
0.006325 -0.0732137 
0.00635 -0.0732355 
0.006375 -0.0732571 
0.0064 -0.0732787 
0.006425 -0.0733001 
0.00645 -0.0733213 
0.006475 -0.0733425 
0.0065 -0.0733635 
0.006525 -0.0733845 
0.00655 -0.0734053 
0.006575 -0.0734259 
0.0066 -0.0734465 
0.006625 -0.073467 
0.00665 -0.0734873 
0.006675 -0.0735075 
0.0067 -0.0735276 
0.006725 -0.0735475 
0.00675 -0.0735674 
0.006775 -0.0735871 
0.0068 -0.0736067 
0.006825 -0.0736262 
0.00685 -0.0736456 
0.006875 -0.0736649 
0.0069 -0.073684 
0.006925 -0.073703 
0.00695 -0.0737219 
0.006975 -0.0737407 
0.007 -0.0737594 
0.007025 -0.0737779 
0.00705 -0.0737964 
0.007075 -0.0738147 
0.0071 -0.0738329 
0.007125 -0.073851 
0.00715 -0.0738689 
0.007175 -0.0738868 
0.0072 -0.0739045 
0.007225 -0.0739221 
0.00725 -0.0739396 
0.007275 -0.073957 
0.0073 -0.0739743 
0.007325 -0.0739914 
0.00735 -0.0740085 
0.007375 -0.0740254 
0.0074 -0.0740422 
0.007425 -0.0740589 
0.00745 -0.0740755 
0.007475 -0.074092 
0.0075 -0.0741083 
0.007525 -0.0741246 
0.00755 -0.0741407 
0.007575 -0.0741567 
0.0076 -0.0741726 
0.007625 -0.0741884 
0.00765 -0.0742041 
0.007675 -0.0742197 
0.0077 -0.0742351 
0.007725 -0.0742505 
0.00775 -0.0742657 
0.007775 -0.0742808 
0.0078 -0.0742958 
0.007825 -0.0743107 
0.00785 -0.0743255 
0.007875 -0.0743402 
0.0079 -0.0743548 
0.007925 -0.0743692 
0.00795 -0.0743836 
0.007975 -0.0743978 
0.008 -0.074412 
0.008025 -0.074426 
0.00805 -0.0744399 
0.008075 -0.0744537 
0.0081 -0.0744674 
0.008125 -0.074481 
0.00815 -0.0744945 
0.008175 -0.0745079 
0.0082 -0.0745212 
0.008225 -0.0745343 
0.00825 -0.0745474 
0.008275 -0.0745603 
0.0083 -0.0745732 
0.008325 -0.0745859 
0.00835 -0.0745986 
0.008375 -0.0746111 
0.0084 -0.0746235 
0.008425 -0.0746358 
0.00845 -0.0746481 
0.008475 -0.0746602 
0.0085 -0.0746722 
0.008525 -0.0746841 
0.00855 -0.0746959 
0.008575 -0.0747076 
0.0086 -0.0747192 
0.008625 -0.0747307 
0.00865 -0.0747421 
0.008675 -0.0747534 
0.0087 -0.0747646 
0.008725 -0.0747757 
0.00875 -0.0747867 
0.008775 -0.0747976 
0.0088 -0.0748084 
0.008825 -0.0748191 
0.00885 -0.0748297 
0.008875 -0.0748402 
0.0089 -0.0748506 
0.008925 -0.0748609 
0.00895 -0.0748711 
0.008975 -0.0748812 
0.009 -0.0748912 
0.009025 -0.0749012 
0.00905 -0.074911 
0.009075 -0.0749207 
0.0091 -0.0749303 
0.009125 -0.0749398 
0.00915 -0.0749493 
0.009175 -0.0749586 
0.0092 -0.0749679 
0.009225 -0.074977 
0.00925 -0.0749861 
0.009275 -0.074995 
0.0093 -0.0750039 
0.009325 -0.0750127 
0.00935 -0.0750213 
0.009375 -0.0750299 
0.0094 -0.0750384 
0.009425 -0.0750468 
0.00945 -0.0750551 
0.009475 -0.0750634 
0.0095 -0.0750715 
0.009525 -0.0750795 
0.00955 -0.0750875 
0.009575 -0.0750953 
0.0096 -0.0751031 
0.009625 -0.0751108 
0.00965 -0.0751184 
0.009675 -0.0751259 
0.0097 -0.0751333 
0.009725 -0.0751406 
0.00975 -0.0751478 
0.009775 -0.075155 
0.0098 -0.075162 
0.009825 -0.075169 
0.00985 -0.0751759 
0.009875 -0.0751827 
0.0099 -0.0751894 
0.009925 -0.075196 
0.00995 -0.0752026 
0.009975 -0.075209 
0.01 -0.0752154 
0.010025 -0.0752217 
0.01005 -0.0752279 
0.010075 -0.075234 
0.0101 -0.0752401 
0.010125 -0.075246 
0.01015 -0.0752519 
0.010175 -0.0752577 
0.0102 -0.0752634 
0.010225 -0.075269 
0.01025 -0.0752746 
0.010275 -0.07528 
0.0103 -0.0752854 
0.010325 -0.0752907 
0.01035 -0.0752959 
0.010375 -0.0753011 
0.0104 -0.0753061 
0.010425 -0.0753111 
0.01045 -0.075316 
0.010475 -0.0753208 
0.0105 -0.0753256 
0.010525 -0.0753302 
0.01055 -0.0753348 
0.010575 -0.0753393 
0.0106 -0.0753438 
0.010625 -0.0753481 
0.01065 -0.0753524 
0.010675 -0.0753566 
0.0107 -0.0753607 
0.010725 -0.0753648 
0.01075 -0.0753688 
0.010775 -0.0753727 
0.0108 -0.0753765 
0.010825 -0.0753802 
0.01085 -0.0753839 
0.010875 -0.0753875 
0.0109 -0.0753911 
0.010925 -0.0753945 
0.01095 -0.0753979 
0.010975 -0.0754012 
0.011 -0.0754044 
0.011025 -0.0754076 
0.01105 -0.0754107 
0.011075 -0.0754137 
0.0111 -0.0754167 
0.011125 -0.0754196 
0.01115 -0.0754224 
0.011175 -0.0754251 
0.0112 -0.0754278 
0.011225 -0.0754304 
0.01125 -0.0754329 
0.011275 -0.0754354 
0.0113 -0.0754378 
0.011325 -0.0754401 
0.01135 -0.0754424 
0.011375 -0.0754446 
0.0114 -0.0754467 
0.011425 -0.0754487 
0.01145 -0.0754507 
0.011475 -0.0754527 
0.0115 -0.0754545 
0.011525 -0.0754563 
0.01155 -0.075458 
0.011575 -0.0754597 
0.0116 -0.0754613 
0.011625 -0.0754628 
0.01165 -0.0754643 
0.011675 -0.0754657 
0.0117 -0.075467 
0.011725 -0.0754683 
0.01175 -0.0754695 
0.011775 -0.0754707 
0.0118 -0.0754717 
0.011825 -0.0754728 
0.01185 -0.0754737 
0.011875 -0.0754746 
0.0119 -0.0754755 
0.011925 -0.0754762 
0.01195 -0.075477 
0.011975 -0.0754776 
0.012 -0.0754782 
0.012025 -0.0754787 
0.01205 -0.0754792 
0.012075 -0.0754796 
0.0121 -0.07548 
0.012125 -0.0754803 
0.01215 -0.0754805 
0.012175 -0.0754807 
0.0122 -0.0754808 
0.012225 -0.0754809 
0.01225 -0.0754809 
0.012275 -0.0754808 
0.0123 -0.0754807 
0.012325 -0.0754805 
0.01235 -0.0754803 
0.012375 -0.07548 
0.0124 -0.0754797 
0.012425 -0.0754793 
0.01245 -0.0754789 
0.012475 -0.0754784 
0.0125 -0.0754778 
0.012525 -0.0754772 
0.01255 -0.0754765 
0.012575 -0.0754758 
0.0126 -0.075475 
0.012625 -0.0754742 
0.01265 -0.0754733 
0.012675 -0.0754724 
0.0127 -0.0754714 
0.012725 -0.0754704 
0.01275 -0.0754693 
0.012775 -0.0754681 
0.0128 -0.0754669 
0.012825 -0.0754657 
0.01285 -0.0754644 
0.012875 -0.0754631 
0.0129 -0.0754617 
0.012925 -0.0754602 
0.01295 -0.0754587 
0.012975 -0.0754572 
0.013 -0.0754556 
0.013025 -0.0754539 
0.01305 -0.0754522 
0.013075 -0.0754505 
0.0131 -0.0754487 
0.013125 -0.0754469 
0.01315 -0.075445 
0.013175 -0.075443 
0.0132 -0.075441 
0.013225 -0.075439 
0.01325 -0.0754369 
0.013275 -0.0754348 
0.0133 -0.0754326 
0.013325 -0.0754304 
0.01335 -0.0754282 
0.013375 -0.0754259 
0.0134 -0.0754235 
0.013425 -0.0754211 
0.01345 -0.0754187 
0.013475 -0.0754162 
0.0135 -0.0754136 
0.013525 -0.0754111 
0.01355 -0.0754084 
0.013575 -0.0754058 
0.0136 -0.0754031 
0.013625 -0.0754003 
0.01365 -0.0753975 
0.013675 -0.0753947 
0.0137 -0.0753918 
0.013725 -0.0753889 
0.01375 -0.0753859 
0.013775 -0.0753829 
0.0138 -0.0753799 
0.013825 -0.0753768 
0.01385 -0.0753737 
0.013875 -0.0753705 
0.0139 -0.0753673 
0.013925 -0.075364 
0.01395 -0.0753607 
0.013975 -0.0753574 
0.014 -0.075354 
0.014025 -0.0753506 
0.01405 -0.0753472 
0.014075 -0.0753437 
0.0141 -0.0753402 
0.014125 -0.0753366 
0.01415 -0.075333 
0.014175 -0.0753294 
0.0142 -0.0753257 
0.014225 -0.075322 
0.01425 -0.0753182 
0.014275 -0.0753144 
0.0143 -0.0753106 
0.014325 -0.0753067 
0.01435 -0.0753028 
0.014375 -0.0752989 
0.0144 -0.0752949 
0.014425 -0.0752909 
0.01445 -0.0752869 
0.014475 -0.0752828 
0.0145 -0.0752787 
0.014525 -0.0752745 
0.01455 -0.0752704 
0.014575 -0.0752661 
0.0146 -0.0752619 
0.014625 -0.0752576 
0.01465 -0.0752533 
0.014675 -0.0752489 
0.0147 -0.0752446 
0.014725 -0.0752401 
0.01475 -0.0752357 
0.014775 -0.0752312 
0.0148 -0.0752267 
0.014825 -0.0752221 
0.01485 -0.0752175 
0.014875 -0.0752129 
0.0149 -0.0752083 
0.014925 -0.0752036 
0.01495 -0.0751989 
0.014975 -0.0751942 
0.015 -0.0751894 
0.015025 -0.0751846 
0.01505 -0.0751798 
0.015075 -0.0751749 
0.0151 -0.07517 
0.015125 -0.0751651 
0.01515 -0.0751602 
0.015175 -0.0751552 
0.0152 -0.0751502 
0.015225 -0.0751451 
0.01525 -0.0751401 
0.015275 -0.075135 
0.0153 -0.0751299 
0.015325 -0.0751247 
0.01535 -0.0751195 
0.015375 -0.0751143 
0.0154 -0.0751091 
0.015425 -0.0751038 
0.01545 -0.0750985 
0.015475 -0.0750932 
0.0155 -0.0750879 
0.015525 -0.0750825 
0.01555 -0.0750771 
0.015575 -0.0750717 
0.0156 -0.0750663 
0.015625 -0.0750608 
0.01565 -0.0750553 
0.015675 -0.0750498 
0.0157 -0.0750442 
0.015725 -0.0750386 
0.01575 -0.0750331 
0.015775 -0.0750274 
0.0158 -0.0750218 
0.015825 -0.0750161 
0.01585 -0.0750104 
0.015875 -0.0750047 
0.0159 -0.074999 
0.015925 -0.0749932 
0.01595 -0.0749874 
0.015975 -0.0749816 
0.016 -0.0749757 
0.016025 -0.0749699 
0.01605 -0.074964 
0.016075 -0.0749581 
0.0161 -0.0749522 
0.016125 -0.0749462 
0.01615 -0.0749403 
0.016175 -0.0749343 
0.0162 -0.0749282 
0.016225 -0.0749222 
0.01625 -0.0749162 
0.016275 -0.0749101 
0.0163 -0.074904 
0.016325 -0.0748979 
0.01635 -0.0748917 
0.016375 -0.0748856 
0.0164 -0.0748794 
0.016425 -0.0748732 
0.01645 -0.074867 
0.016475 -0.0748607 
0.0165 -0.0748545 
0.016525 -0.0748482 
0.01655 -0.0748419 
0.016575 -0.0748356 
0.0166 -0.0748292 
0.016625 -0.0748229 
0.01665 -0.0748165 
0.016675 -0.0748101 
0.0167 -0.0748037 
0.016725 -0.0747973 
0.01675 -0.0747908 
0.016775 -0.0747844 
0.0168 -0.0747779 
0.016825 -0.0747714 
0.01685 -0.0747649 
0.016875 -0.0747584 
0.0169 -0.0747518 
0.016925 -0.0747452 
0.01695 -0.0747387 
0.016975 -0.0747321 
0.017 -0.0747254 
0.017025 -0.0747188 
0.01705 -0.0747122 
0.017075 -0.0747055 
0.0171 -0.0746988 
0.017125 -0.0746921 
0.01715 -0.0746854 
0.017175 -0.0746787 
0.0172 -0.074672 
0.017225 -0.0746652 
0.01725 -0.0746584 
0.017275 -0.0746517 
0.0173 -0.0746449 
0.017325 -0.074638 
0.01735 -0.0746312 
0.017375 -0.0746244 
0.0174 -0.0746175 
0.017425 -0.0746107 
0.01745 -0.0746038 
0.017475 -0.0745969 
0.0175 -0.07459 
0.017525 -0.0745831 
0.01755 -0.0745761 
0.017575 -0.0745692 
0.0176 -0.0745622 
0.017625 -0.0745552 
0.01765 -0.0745483 
0.017675 -0.0745413 
0.0177 -0.0745342 
0.017725 -0.0745272 
0.01775 -0.0745202 
0.017775 -0.0745132 
0.0178 -0.0745061 
0.017825 -0.074499 
0.01785 -0.074492 
0.017875 -0.0744849 
0.0179 -0.0744778 
0.017925 -0.0744706 
0.01795 -0.0744635 
0.017975 -0.0744564 
0.018 -0.0744493 
0.018025 -0.0744421 
0.01805 -0.0744349 
0.018075 -0.0744278 
0.0181 -0.0744206 
0.018125 -0.0744134 
0.01815 -0.0744062 
0.018175 -0.074399 
0.0182 -0.0743917 
0.018225 -0.0743845 
0.01825 -0.0743773 
0.018275 -0.07437 
0.0183 -0.0743628 
0.018325 -0.0743555 
0.01835 -0.0743482 
0.018375 -0.0743409 
0.0184 -0.0743336 
0.018425 -0.0743263 
0.01845 -0.074319 
0.018475 -0.0743117 
0.0185 -0.0743044 
0.018525 -0.0742971 
0.01855 -0.0742897 
0.018575 -0.0742824 
0.0186 -0.074275 
0.018625 -0.0742677 
0.01865 -0.0742603 
0.018675 -0.0742529 
0.0187 -0.0742455 
0.018725 -0.0742381 
0.01875 -0.0742307 
0.018775 -0.0742233 
0.0188 -0.0742159 
0.018825 -0.0742085 
0.01885 -0.0742011 
0.018875 -0.0741936 
0.0189 -0.0741862 
0.018925 -0.0741788 
0.01895 -0.0741713 
0.018975 -0.0741639 
0.019 -0.0741564 
0.019025 -0.0741489 
0.01905 -0.0741415 
0.019075 -0.074134 
0.0191 -0.0741265 
0.019125 -0.074119 
0.01915 -0.0741115 
0.019175 -0.0741041 
0.0192 -0.0740966 
0.019225 -0.0740891 
0.01925 -0.0740815 
0.019275 -0.074074 
0.0193 -0.0740665 
0.019325 -0.074059 
0.01935 -0.0740515 
0.019375 -0.0740439 
0.0194 -0.0740364 
0.019425 -0.0740289 
0.01945 -0.0740213 
0.019475 -0.0740138 
0.0195 -0.0740062 
0.019525 -0.0739987 
0.01955 -0.0739911 
0.019575 -0.0739836 
0.0196 -0.073976 
0.019625 -0.0739685 
0.01965 -0.0739609 
0.019675 -0.0739533 
0.0197 -0.0739458 
0.019725 -0.0739382 
0.01975 -0.0739306 
0.019775 -0.073923 
0.0198 -0.0739155 
0.019825 -0.0739079 
0.01985 -0.0739003 
0.019875 -0.0738927 
0.0199 -0.0738851 
0.019925 -0.0738775 
0.01995 -0.0738699 
0.019975 -0.0738623 
0.02 -0.0738548 
0.020025 -0.0738472 
0.02005 -0.0738396 
0.020075 -0.073832 
0.0201 -0.0738244 
0.020125 -0.0738168 
0.02015 -0.0738092 
0.020175 -0.0738016 
0.0202 -0.073794 
0.020225 -0.0737864 
0.02025 -0.0737788 
0.020275 -0.0737712 
0.0203 -0.0737636 
0.020325 -0.073756 
0.02035 -0.0737484 
0.020375 -0.0737408 
0.0204 -0.0737332 
0.020425 -0.0737255 
0.02045 -0.0737179 
0.020475 -0.0737103 
0.0205 -0.0737027 
0.020525 -0.0736951 
0.02055 -0.0736875 
0.020575 -0.0736799 
0.0206 -0.0736723 
0.020625 -0.0736647 
0.02065 -0.0736571 
0.020675 -0.0736495 
0.0207 -0.073642 
0.020725 -0.0736344 
0.02075 -0.0736268 
0.020775 -0.0736192 
0.0208 -0.0736116 
0.020825 -0.073604 
0.02085 -0.0735964 
0.020875 -0.0735888 
0.0209 -0.0735812 
0.020925 -0.0735737 
0.02095 -0.0735661 
0.020975 -0.0735585 
0.021 -0.0735509 
0.021025 -0.0735434 
0.02105 -0.0735358 
0.021075 -0.0735282 
0.0211 -0.0735207 
0.021125 -0.0735131 
0.02115 -0.0735055 
0.021175 -0.073498 
0.0212 -0.0734904 
0.021225 -0.0734829 
0.02125 -0.0734753 
0.021275 -0.0734678 
0.0213 -0.0734602 
0.021325 -0.0734527 
0.02135 -0.0734451 
0.021375 -0.0734376 
0.0214 -0.0734301 
0.021425 -0.0734225 
0.02145 -0.073415 
0.021475 -0.0734075 
0.0215 -0.0734 
0.021525 -0.0733925 
0.02155 -0.073385 
0.021575 -0.0733775 
0.0216 -0.07337 
0.021625 -0.0733625 
0.02165 -0.073355 
0.021675 -0.0733475 
0.0217 -0.07334 
0.021725 -0.0733325 
0.02175 -0.073325 
0.021775 -0.0733176 
0.0218 -0.0733101 
0.021825 -0.0733026 
0.02185 -0.0732952 
0.021875 -0.0732877 
0.0219 -0.0732803 
0.021925 -0.0732728 
0.02195 -0.0732654 
0.021975 -0.0732579 
0.022 -0.0732505 
0.022025 -0.0732431 
0.02205 -0.0732357 
0.022075 -0.0732282 
0.0221 -0.0732208 
0.022125 -0.0732134 
0.02215 -0.073206 
0.022175 -0.0731986 
0.0222 -0.0731913 
0.022225 -0.0731839 
0.02225 -0.0731765 
0.022275 -0.0731691 
0.0223 -0.0731618 
0.022325 -0.0731544 
0.02235 -0.073147 
0.022375 -0.0731397 
0.0224 -0.0731323 
0.022425 -0.073125 
0.02245 -0.0731177 
0.022475 -0.0731103 
0.0225 -0.073103 
0.022525 -0.0730957 
0.02255 -0.0730884 
0.022575 -0.0730811 
0.0226 -0.0730738 
0.022625 -0.0730665 
0.02265 -0.0730592 
0.022675 -0.073052 
0.0227 -0.0730447 
0.022725 -0.0730374 
0.02275 -0.0730302 
0.022775 -0.0730229 
0.0228 -0.0730157 
0.022825 -0.0730085 
0.02285 -0.0730012 
0.022875 -0.072994 
0.0229 -0.0729868 
0.022925 -0.0729796 
0.02295 -0.0729724 
0.022975 -0.0729652 
0.023 -0.072958 
0.023025 -0.0729509 
0.02305 -0.0729437 
0.023075 -0.0729365 
0.0231 -0.0729294 
0.023125 -0.0729222 
0.02315 -0.0729151 
0.023175 -0.0729079 
0.0232 -0.0729008 
0.023225 -0.0728937 
0.02325 -0.0728866 
0.023275 -0.0728795 
0.0233 -0.0728724 
0.023325 -0.0728653 
0.02335 -0.0728582 
0.023375 -0.0728512 
0.0234 -0.0728441 
0.023425 -0.072837 
0.02345 -0.07283 
0.023475 -0.072823 
0.0235 -0.0728159 
0.023525 -0.0728089 
0.02355 -0.0728019 
0.023575 -0.0727949 
0.0236 -0.0727879 
0.023625 -0.0727809 
0.02365 -0.0727739 
0.023675 -0.072767 
0.0237 -0.07276 
0.023725 -0.072753 
0.02375 -0.0727461 
0.023775 -0.0727392 
0.0238 -0.0727322 
0.023825 -0.0727253 
0.02385 -0.0727184 
0.023875 -0.0727115 
0.0239 -0.0727046 
0.023925 -0.0726977 
0.02395 -0.0726909 
0.023975 -0.072684 
0.024 -0.0726771 
0.024025 -0.0726703 
0.02405 -0.0726634 
0.024075 -0.0726566 
0.0241 -0.0726498 
0.024125 -0.072643 
0.02415 -0.0726362 
0.024175 -0.0726294 
0.0242 -0.0726226 
0.024225 -0.0726158 
0.02425 -0.0726091 
0.024275 -0.0726023 
0.0243 -0.0725956 
0.024325 -0.0725888 
0.02435 -0.0725821 
0.024375 -0.0725754 
0.0244 -0.0725687 
0.024425 -0.072562 
0.02445 -0.0725553 
0.024475 -0.0725486 
0.0245 -0.072542 
0.024525 -0.0725353 
0.02455 -0.0725287 
0.024575 -0.072522 
0.0246 -0.0725154 
0.024625 -0.0725088 
0.02465 -0.0725022 
0.024675 -0.0724956 
0.0247 -0.072489 
0.024725 -0.0724824 
0.02475 -0.0724758 
0.024775 -0.0724693 
0.0248 -0.0724627 
0.024825 -0.0724562 
0.02485 -0.0724497 
0.024875 -0.0724432 
0.0249 -0.0724367 
0.024925 -0.0724302 
0.02495 -0.0724237 
0.024975 -0.0724172 
0.025 -0.0724107 
0.025025 -0.0724043 
0.02505 -0.0723978 
0.025075 -0.0723914 
0.0251 -0.072385 
0.025125 -0.0723786 
0.02515 -0.0723722 
0.025175 -0.0723658 
0.0252 -0.0723594 
0.025225 -0.072353 
0.02525 -0.0723467 
0.025275 -0.0723403 
0.0253 -0.072334 
0.025325 -0.0723276 
0.02535 -0.0723213 
0.025375 -0.072315 
0.0254 -0.0723087 
0.025425 -0.0723024 
0.02545 -0.0722962 
0.025475 -0.0722899 
0.0255 -0.0722836 
0.025525 -0.0722774 
0.02555 -0.0722712 
0.025575 -0.072265 
0.0256 -0.0722587 
0.025625 -0.0722526 
0.02565 -0.0722464 
0.025675 -0.0722402 
0.0257 -0.072234 
0.025725 -0.0722279 
0.02575 -0.0722217 
0.025775 -0.0722156 
0.0258 -0.0722095 
0.025825 -0.0722034 
0.02585 -0.0721973 
0.025875 -0.0721912 
0.0259 -0.0721851 
0.025925 -0.072179 
0.02595 -0.072173 
0.025975 -0.072167 
0.026 -0.0721609 
0.026025 -0.0721549 
0.02605 -0.0721489 
0.026075 -0.0721429 
0.0261 -0.0721369 
0.026125 -0.0721309 
0.02615 -0.072125 
0.026175 -0.072119 
0.0262 -0.0721131 
0.026225 -0.0721072 
0.02625 -0.0721012 
0.026275 -0.0720953 
0.0263 -0.0720895 
0.026325 -0.0720836 
0.02635 -0.0720777 
0.026375 -0.0720718 
0.0264 -0.072066 
0.026425 -0.0720602 
0.02645 -0.0720543 
0.026475 -0.0720485 
0.0265 -0.0720427 
0.026525 -0.0720369 
0.02655 -0.0720311 
0.026575 -0.0720254 
0.0266 -0.0720196 
0.026625 -0.0720139 
0.02665 -0.0720082 
0.026675 -0.0720024 
0.0267 -0.0719967 
0.026725 -0.071991 
0.02675 -0.0719853 
0.026775 -0.0719797 
0.0268 -0.071974 
0.026825 -0.0719684 
0.02685 -0.0719627 
0.026875 -0.0719571 
0.0269 -0.0719515 
0.026925 -0.0719459 
0.02695 -0.0719403 
0.026975 -0.0719347 
0.027 -0.0719291 
0.027025 -0.0719236 
0.02705 -0.071918 
0.027075 -0.0719125 
0.0271 -0.071907 
0.027125 -0.0719015 
0.02715 -0.071896 
0.027175 -0.0718905 
0.0272 -0.071885 
0.027225 -0.0718796 
0.02725 -0.0718741 
0.027275 -0.0718687 
0.0273 -0.0718632 
0.027325 -0.0718578 
0.02735 -0.0718524 
0.027375 -0.071847 
0.0274 -0.0718417 
0.027425 -0.0718363 
0.02745 -0.0718309 
0.027475 -0.0718256 
0.0275 -0.0718203 
0.027525 -0.071815 
0.02755 -0.0718097 
0.027575 -0.0718044 
0.0276 -0.0717991 
0.027625 -0.0717938 
0.02765 -0.0717885 
0.027675 -0.0717833 
0.0277 -0.0717781 
0.027725 -0.0717728 
0.02775 -0.0717676 
0.027775 -0.0717624 
0.0278 -0.0717572 
0.027825 -0.0717521 
0.02785 -0.0717469 
0.027875 -0.0717418 
0.0279 -0.0717366 
0.027925 -0.0717315 
0.02795 -0.0717264 
0.027975 -0.0717213 
0.028 -0.0717162 
0.028025 -0.0717111 
0.02805 -0.071706 
0.028075 -0.071701 
0.0281 -0.0716959 
0.028125 -0.0716909 
0.02815 -0.0716859 
0.028175 -0.0716809 
0.0282 -0.0716759 
0.028225 -0.0716709 
0.02825 -0.0716659 
0.028275 -0.071661 
0.0283 -0.071656 
0.028325 -0.0716511 
0.02835 -0.0716462 
0.028375 -0.0716412 
0.0284 -0.0716363 
0.028425 -0.0716315 
0.02845 -0.0716266 
0.028475 -0.0716217 
0.0285 -0.0716169 
0.028525 -0.071612 
0.02855 -0.0716072 
0.028575 -0.0716024 
0.0286 -0.0715976 
0.028625 -0.0715928 
0.02865 -0.071588 
0.028675 -0.0715832 
0.0287 -0.0715785 
0.028725 -0.0715737 
0.02875 -0.071569 
0.028775 -0.0715643 
0.0288 -0.0715596 
0.028825 -0.0715549 
0.02885 -0.0715502 
0.028875 -0.0715455 
0.0289 -0.0715409 
0.028925 -0.0715362 
0.02895 -0.0715316 
0.028975 -0.071527 
0.029 -0.0715223 
0.029025 -0.0715177 
0.02905 -0.0715132 
0.029075 -0.0715086 
0.0291 -0.071504 
0.029125 -0.0714995 
0.02915 -0.0714949 
0.029175 -0.0714904 
0.0292 -0.0714859 
0.029225 -0.0714814 
0.02925 -0.0714769 
0.029275 -0.0714724 
0.0293 -0.0714679 
0.029325 -0.0714635 
0.02935 -0.071459 
0.029375 -0.0714546 
0.0294 -0.0714502 
0.029425 -0.0714458 
0.02945 -0.0714414 
0.029475 -0.071437 
0.0295 -0.0714326 
0.029525 -0.0714282 
0.02955 -0.0714239 
0.029575 -0.0714195 
0.0296 -0.0714152 
0.029625 -0.0714109 
0.02965 -0.0714066 
0.029675 -0.0714023 
0.0297 -0.071398 
0.029725 -0.0713937 
0.02975 -0.0713895 
0.029775 -0.0713852 
0.0298 -0.071381 
0.029825 -0.0713767 
0.02985 -0.0713725 
0.029875 -0.0713683 
0.0299 -0.0713641 
0.029925 -0.07136 
0.02995 -0.0713558 
0.029975 -0.0713516 
0.03 -0.0713475 
0.030025 -0.0713434 
0.03005 -0.0713393 
0.030075 -0.0713351 
0.0301 -0.071331 
0.030125 -0.071327 
0.03015 -0.0713229 
0.030175 -0.0713188 
0.0302 -0.0713148 
0.030225 -0.0713107 
0.03025 -0.0713067 
0.030275 -0.0713027 
0.0303 -0.0712987 
0.030325 -0.0712947 
0.03035 -0.0712907 
0.030375 -0.0712868 
0.0304 -0.0712828 
0.030425 -0.0712788 
0.03045 -0.0712749 
0.030475 -0.071271 
0.0305 -0.0712671 
0.030525 -0.0712632 
0.03055 -0.0712593 
0.030575 -0.0712554 
0.0306 -0.0712515 
0.030625 -0.0712477 
0.03065 -0.0712438 
0.030675 -0.07124 
0.0307 -0.0712362 
0.030725 -0.0712324 
0.03075 -0.0712286 
0.030775 -0.0712248 
0.0308 -0.071221 
0.030825 -0.0712172 
0.03085 -0.0712135 
0.030875 -0.0712097 
0.0309 -0.071206 
0.030925 -0.0712023 
0.03095 -0.0711986 
0.030975 -0.0711949 
0.031 -0.0711912 
0.031025 -0.0711875 
0.03105 -0.0711838 
0.031075 -0.0711802 
0.0311 -0.0711765 
0.031125 -0.0711729 
0.03115 -0.0711693 
0.031175 -0.0711656 
0.0312 -0.071162 
0.031225 -0.0711585 
0.03125 -0.0711549 
0.031275 -0.0711513 
0.0313 -0.0711478 
0.031325 -0.0711442 
0.03135 -0.0711407 
0.031375 -0.0711371 
0.0314 -0.0711336 
0.031425 -0.0711301 
0.03145 -0.0711266 
0.031475 -0.0711231 
0.0315 -0.0711197 
0.031525 -0.0711162 
0.03155 -0.0711128 
0.031575 -0.0711093 
0.0316 -0.0711059 
0.031625 -0.0711025 
0.03165 -0.0710991 
0.031675 -0.0710957 
0.0317 -0.0710923 
0.031725 -0.0710889 
0.03175 -0.0710856 
0.031775 -0.0710822 
0.0318 -0.0710789 
0.031825 -0.0710755 
0.03185 -0.0710722 
0.031875 -0.0710689 
0.0319 -0.0710656 
0.031925 -0.0710623 
0.03195 -0.071059 
0.031975 -0.0710558 
0.032 -0.0710525 
0.032025 -0.0710493 
0.03205 -0.071046 
0.032075 -0.0710428 
0.0321 -0.0710396 
0.032125 -0.0710364 
0.03215 -0.0710332 
0.032175 -0.07103 
0.0322 -0.0710268 
0.032225 -0.0710237 
0.03225 -0.0710205 
0.032275 -0.0710174 
0.0323 -0.0710143 
0.032325 -0.0710111 
0.03235 -0.071008 
0.032375 -0.0710049 
0.0324 -0.0710018 
0.032425 -0.0709988 
0.03245 -0.0709957 
0.032475 -0.0709926 
0.0325 -0.0709896 
0.032525 -0.0709865 
0.03255 -0.0709835 
0.032575 -0.0709805 
0.0326 -0.0709775 
0.032625 -0.0709745 
0.03265 -0.0709715 
0.032675 -0.0709685 
0.0327 -0.0709655 
0.032725 -0.0709626 
0.03275 -0.0709596 
0.032775 -0.0709567 
0.0328 -0.0709538 
0.032825 -0.0709508 
0.03285 -0.0709479 
0.032875 -0.070945 
0.0329 -0.0709421 
0.032925 -0.0709393 
0.03295 -0.0709364 
0.032975 -0.0709335 
0.033 -0.0709307 
0.033025 -0.0709278 
0.03305 -0.070925 
0.033075 -0.0709222 
0.0331 -0.0709194 
0.033125 -0.0709166 
0.03315 -0.0709138 
0.033175 -0.070911 
0.0332 -0.0709082 
0.033225 -0.0709055 
0.03325 -0.0709027 
0.033275 -0.0709 
0.0333 -0.0708972 
0.033325 -0.0708945 
0.03335 -0.0708918 
0.033375 -0.0708891 
0.0334 -0.0708864 
0.033425 -0.0708837 
0.03345 -0.070881 
0.033475 -0.0708784 
0.0335 -0.0708757 
0.033525 -0.070873 
0.03355 -0.0708704 
0.033575 -0.0708678 
0.0336 -0.0708651 
0.033625 -0.0708625 
0.03365 -0.0708599 
0.033675 -0.0708573 
0.0337 -0.0708548 
0.033725 -0.0708522 
0.03375 -0.0708496 
0.033775 -0.0708471 
0.0338 -0.0708445 
0.033825 -0.070842 
0.03385 -0.0708395 
0.033875 -0.0708369 
0.0339 -0.0708344 
0.033925 -0.0708319 
0.03395 -0.0708294 
0.033975 -0.0708269 
0.034 -0.0708244 
0.034025 -0.070822 
0.03405 -0.0708195 
0.034075 -0.0708171 
0.0341 -0.0708146 
0.034125 -0.0708122 
0.03415 -0.0708098 
0.034175 -0.0708074 
0.0342 -0.070805 
0.034225 -0.0708026 
0.03425 -0.0708002 
0.034275 -0.0707978 
0.0343 -0.0707954 
0.034325 -0.0707931 
0.03435 -0.0707907 
0.034375 -0.0707884 
0.0344 -0.070786 
0.034425 -0.0707837 
0.03445 -0.0707814 
0.034475 -0.0707791 
0.0345 -0.0707768 
0.034525 -0.0707745 
0.03455 -0.0707722 
0.034575 -0.0707699 
0.0346 -0.0707677 
0.034625 -0.0707654 
0.03465 -0.0707631 
0.034675 -0.0707609 
0.0347 -0.0707587 
0.034725 -0.0707565 
0.03475 -0.0707542 
0.034775 -0.070752 
0.0348 -0.0707498 
0.034825 -0.0707476 
0.03485 -0.0707455 
0.034875 -0.0707433 
0.0349 -0.0707411 
0.034925 -0.0707389 
0.03495 -0.0707368 
0.034975 -0.0707346 
0.035 -0.0707325 
0.035025 -0.0707304 
0.03505 -0.0707283 
0.035075 -0.0707261 
0.0351 -0.070724 
0.035125 -0.0707219 
0.03515 -0.0707199 
0.035175 -0.0707178 
0.0352 -0.0707157 
0.035225 -0.0707136 
0.03525 -0.0707116 
0.035275 -0.0707095 
0.0353 -0.0707075 
0.035325 -0.0707055 
0.03535 -0.0707035 
0.035375 -0.0707014 
0.0354 -0.0706994 
0.035425 -0.0706974 
0.03545 -0.0706954 
0.035475 -0.0706934 
0.0355 -0.0706915 
0.035525 -0.0706895 
0.03555 -0.0706875 
0.035575 -0.0706856 
0.0356 -0.0706836 
0.035625 -0.0706817 
0.03565 -0.0706797 
0.035675 -0.0706778 
0.0357 -0.0706759 
0.035725 -0.070674 
0.03575 -0.0706721 
0.035775 -0.0706702 
0.0358 -0.0706683 
0.035825 -0.0706664 
0.03585 -0.0706645 
0.035875 -0.0706627 
0.0359 -0.0706608 
0.035925 -0.070659 
0.03595 -0.0706571 
0.035975 -0.0706553 
0.036 -0.0706534 
0.036025 -0.0706516 
0.03605 -0.0706498 
0.036075 -0.070648 
0.0361 -0.0706462 
0.036125 -0.0706444 
0.03615 -0.0706426 
0.036175 -0.0706408 
0.0362 -0.070639 
0.036225 -0.0706373 
0.03625 -0.0706355 
0.036275 -0.0706337 
0.0363 -0.070632 
0.036325 -0.0706302 
0.03635 -0.0706285 
0.036375 -0.0706268 
0.0364 -0.0706251 
0.036425 -0.0706234 
0.03645 -0.0706216 
0.036475 -0.0706199 
0.0365 -0.0706183 
0.036525 -0.0706166 
0.03655 -0.0706149 
0.036575 -0.0706132 
0.0366 -0.0706116 
0.036625 -0.0706099 
0.03665 -0.0706083 
0.036675 -0.0706066 
0.0367 -0.070605 
0.036725 -0.0706034 
0.03675 -0.0706017 
0.036775 -0.0706001 
0.0368 -0.0705985 
0.036825 -0.0705969 
0.03685 -0.0705953 
0.036875 -0.0705937 
0.0369 -0.0705921 
0.036925 -0.0705905 
0.03695 -0.0705889 
0.036975 -0.0705874 
0.037 -0.0705858 
0.037025 -0.0705842 
0.03705 -0.0705827 
0.037075 -0.0705812 
0.0371 -0.0705796 
0.037125 -0.0705781 
0.03715 -0.0705766 
0.037175 -0.070575 
0.0372 -0.0705735 
0.037225 -0.070572 
0.03725 -0.0705705 
0.037275 -0.070569 
0.0373 -0.0705676 
0.037325 -0.0705661 
0.03735 -0.0705646 
0.037375 -0.0705631 
0.0374 -0.0705617 
0.037425 -0.0705602 
0.03745 -0.0705588 
0.037475 -0.0705573 
0.0375 -0.0705559 
0.037525 -0.0705545 
0.03755 -0.0705531 
0.037575 -0.0705516 
0.0376 -0.0705502 
0.037625 -0.0705488 
0.03765 -0.0705474 
0.037675 -0.070546 
0.0377 -0.0705446 
0.037725 -0.0705432 
0.03775 -0.0705418 
0.037775 -0.0705404 
0.0378 -0.0705391 
0.037825 -0.0705377 
0.03785 -0.0705363 
0.037875 -0.070535 
0.0379 -0.0705336 
0.037925 -0.0705323 
0.03795 -0.070531 
0.037975 -0.0705296 
0.038 -0.0705283 
0.038025 -0.070527 
0.03805 -0.0705257 
0.038075 -0.0705244 
0.0381 -0.0705231 
0.038125 -0.0705218 
0.03815 -0.0705205 
0.038175 -0.0705192 
0.0382 -0.0705179 
0.038225 -0.0705167 
0.03825 -0.0705154 
0.038275 -0.0705141 
0.0383 -0.0705129 
0.038325 -0.0705116 
0.03835 -0.0705104 
0.038375 -0.0705091 
0.0384 -0.0705079 
0.038425 -0.0705067 
0.03845 -0.0705055 
0.038475 -0.0705042 
0.0385 -0.070503 
0.038525 -0.0705018 
0.03855 -0.0705006 
0.038575 -0.0704994 
0.0386 -0.0704982 
0.038625 -0.070497 
0.03865 -0.0704958 
0.038675 -0.0704946 
0.0387 -0.0704935 
0.038725 -0.0704923 
0.03875 -0.0704911 
0.038775 -0.07049 
0.0388 -0.0704888 
0.038825 -0.0704876 
0.03885 -0.0704865 
0.038875 -0.0704854 
0.0389 -0.0704842 
0.038925 -0.0704831 
0.03895 -0.070482 
0.038975 -0.0704808 
0.039 -0.0704797 
0.039025 -0.0704786 
0.03905 -0.0704775 
0.039075 -0.0704764 
0.0391 -0.0704753 
0.039125 -0.0704742 
0.03915 -0.0704732 
0.039175 -0.0704721 
0.0392 -0.070471 
0.039225 -0.0704699 
0.03925 -0.0704689 
0.039275 -0.0704678 
0.0393 -0.0704667 
0.039325 -0.0704657 
0.03935 -0.0704646 
0.039375 -0.0704636 
0.0394 -0.0704626 
0.039425 -0.0704615 
0.03945 -0.0704605 
0.039475 -0.0704595 
0.0395 -0.0704585 
0.039525 -0.0704574 
0.03955 -0.0704564 
0.039575 -0.0704554 
0.0396 -0.0704544 
0.039625 -0.0704534 
0.03965 -0.0704524 
0.039675 -0.0704515 
0.0397 -0.0704505 
0.039725 -0.0704495 
0.03975 -0.0704485 
0.039775 -0.0704475 
0.0398 -0.0704466 
0.039825 -0.0704456 
0.03985 -0.0704446 
0.039875 -0.0704437 
0.0399 -0.0704427 
0.039925 -0.0704418 
0.03995 -0.0704408 
0.039975 -0.0704399 
0.04 -0.0704389 
0.040025 -0.070438 
0.04005 -0.0704371 
0.040075 -0.0704361 
0.0401 -0.0704352 
0.040125 -0.0704343 
0.04015 -0.0704334 
0.040175 -0.0704325 
0.0402 -0.0704316 
0.040225 -0.0704307 
0.04025 -0.0704298 
0.040275 -0.0704289 
0.0403 -0.070428 
0.040325 -0.0704271 
0.04035 -0.0704262 
0.040375 -0.0704253 
0.0404 -0.0704245 
0.040425 -0.0704236 
0.04045 -0.0704227 
0.040475 -0.0704219 
0.0405 -0.070421 
0.040525 -0.0704201 
0.04055 -0.0704193 
0.040575 -0.0704184 
0.0406 -0.0704176 
0.040625 -0.0704168 
0.04065 -0.0704159 
0.040675 -0.0704151 
0.0407 -0.0704143 
0.040725 -0.0704134 
0.04075 -0.0704126 
0.040775 -0.0704118 
0.0408 -0.070411 
0.040825 -0.0704102 
0.04085 -0.0704094 
0.040875 -0.0704086 
0.0409 -0.0704078 
0.040925 -0.070407 
0.04095 -0.0704062 
0.040975 -0.0704054 
0.041 -0.0704046 
0.041025 -0.0704038 
0.04105 -0.070403 
0.041075 -0.0704023 
0.0411 -0.0704015 
0.041125 -0.0704007 
0.04115 -0.0704 
0.041175 -0.0703992 
0.0412 -0.0703984 
0.041225 -0.0703977 
0.04125 -0.0703969 
0.041275 -0.0703962 
0.0413 -0.0703954 
0.041325 -0.0703946 
0.04135 -0.0703939 
0.041375 -0.0703932 
0.0414 -0.0703924 
0.041425 -0.0703917 
0.04145 -0.0703909 
0.041475 -0.0703902 
0.0415 -0.0703895 
0.041525 -0.0703888 
0.04155 -0.0703881 
0.041575 -0.0703873 
0.0416 -0.0703866 
0.041625 -0.0703859 
0.04165 -0.0703852 
0.041675 -0.0703845 
0.0417 -0.0703838 
0.041725 -0.0703831 
0.04175 -0.0703824 
0.041775 -0.0703817 
0.0418 -0.070381 
0.041825 -0.0703804 
0.04185 -0.0703797 
0.041875 -0.070379 
0.0419 -0.0703783 
0.041925 -0.0703776 
0.04195 -0.070377 
0.041975 -0.0703763 
0.042 -0.0703756 
0.042025 -0.070375 
0.04205 -0.0703743 
0.042075 -0.0703737 
0.0421 -0.070373 
0.042125 -0.0703724 
0.04215 -0.0703717 
0.042175 -0.0703711 
0.0422 -0.0703704 
0.042225 -0.0703698 
0.04225 -0.0703691 
0.042275 -0.0703685 
0.0423 -0.0703679 
0.042325 -0.0703673 
0.04235 -0.0703666 
0.042375 -0.070366 
0.0424 -0.0703654 
0.042425 -0.0703648 
0.04245 -0.0703641 
0.042475 -0.0703635 
0.0425 -0.0703629 
0.042525 -0.0703623 
0.04255 -0.0703617 
0.042575 -0.0703611 
0.0426 -0.0703605 
0.042625 -0.0703599 
0.04265 -0.0703593 
0.042675 -0.0703587 
0.0427 -0.0703581 
0.042725 -0.0703575 
0.04275 -0.070357 
0.042775 -0.0703564 
0.0428 -0.0703558 
0.042825 -0.0703552 
0.04285 -0.0703546 
0.042875 -0.0703541 
0.0429 -0.0703535 
0.042925 -0.0703529 
0.04295 -0.0703524 
0.042975 -0.0703518 
0.043 -0.0703512 
0.043025 -0.0703507 
0.04305 -0.0703501 
0.043075 -0.0703496 
0.0431 -0.070349 
0.043125 -0.0703485 
0.04315 -0.0703479 
0.043175 -0.0703473 
0.0432 -0.0703468 
0.043225 -0.0703462 
0.04325 -0.0703457 
0.043275 -0.0703451 
0.0433 -0.0703446 
0.043325 -0.0703441 
0.04335 -0.0703435 
0.043375 -0.070343 
0.0434 -0.0703425 
0.043425 -0.0703419 
0.04345 -0.0703414 
0.043475 -0.0703409 
0.0435 -0.0703404 
0.043525 -0.0703398 
0.04355 -0.0703393 
0.043575 -0.0703388 
0.0436 -0.0703383 
0.043625 -0.0703378 
0.04365 -0.0703373 
0.043675 -0.0703368 
0.0437 -0.0703362 
0.043725 -0.0703357 
0.04375 -0.0703352 
0.043775 -0.0703347 
0.0438 -0.0703342 
0.043825 -0.0703337 
0.04385 -0.0703332 
0.043875 -0.0703328 
0.0439 -0.0703323 
0.043925 -0.0703318 
0.04395 -0.0703313 
0.043975 -0.0703308 
0.044 -0.0703303 
0.044025 -0.0703298 
0.04405 -0.0703294 
0.044075 -0.0703289 
0.0441 -0.0703284 
0.044125 -0.0703279 
0.04415 -0.0703275 
0.044175 -0.070327 
0.0442 -0.0703265 
0.044225 -0.070326 
0.04425 -0.0703256 
0.044275 -0.0703251 
0.0443 -0.0703247 
0.044325 -0.0703242 
0.04435 -0.0703237 
0.044375 -0.0703233 
0.0444 -0.0703228 
0.044425 -0.0703224 
0.04445 -0.0703219 
0.044475 -0.0703215 
0.0445 -0.070321 
0.044525 -0.0703206 
0.04455 -0.0703201 
0.044575 -0.0703197 
0.0446 -0.0703192 
0.044625 -0.0703188 
0.04465 -0.0703184 
0.044675 -0.0703179 
0.0447 -0.0703175 
0.044725 -0.0703171 
0.04475 -0.0703166 
0.044775 -0.0703162 
0.0448 -0.0703158 
0.044825 -0.0703153 
0.04485 -0.0703149 
0.044875 -0.0703145 
0.0449 -0.0703141 
0.044925 -0.0703137 
0.04495 -0.0703132 
0.044975 -0.0703128 
0.045 -0.0703124 
0.045025 -0.070312 
0.04505 -0.0703116 
0.045075 -0.0703112 
0.0451 -0.0703108 
0.045125 -0.0703104 
0.04515 -0.0703099 
0.045175 -0.0703095 
0.0452 -0.0703091 
0.045225 -0.0703087 
0.04525 -0.0703083 
0.045275 -0.0703079 
0.0453 -0.0703075 
0.045325 -0.0703071 
0.04535 -0.0703068 
0.045375 -0.0703064 
0.0454 -0.070306 
0.045425 -0.0703056 
0.04545 -0.0703052 
0.045475 -0.0703048 
0.0455 -0.0703044 
0.045525 -0.070304 
0.04555 -0.0703036 
0.045575 -0.0703033 
0.0456 -0.0703029 
0.045625 -0.0703025 
0.04565 -0.0703021 
0.045675 -0.0703017 
0.0457 -0.0703014 
0.045725 -0.070301 
0.04575 -0.0703006 
0.045775 -0.0703003 
0.0458 -0.0702999 
0.045825 -0.0702995 
0.04585 -0.0702991 
0.045875 -0.0702988 
0.0459 -0.0702984 
0.045925 -0.070298 
0.04595 -0.0702976 
0.045975 -0.0702973 
0.046 -0.0702969 
0.046025 -0.0702965 
0.04605 -0.0702962 
0.046075 -0.0702958 
0.0461 -0.0702954 
0.046125 -0.0702951 
0.04615 -0.0702947 
0.046175 -0.0702943 
0.0462 -0.070294 
0.046225 -0.0702936 
0.04625 -0.0702933 
0.046275 -0.0702929 
0.0463 -0.0702926 
0.046325 -0.0702922 
0.04635 -0.0702919 
0.046375 -0.0702915 
0.0464 -0.0702912 
0.046425 -0.0702908 
0.04645 -0.0702905 
0.046475 -0.0702901 
0.0465 -0.0702898 
0.046525 -0.0702894 
0.04655 -0.0702891 
0.046575 -0.0702888 
0.0466 -0.0702884 
0.046625 -0.0702881 
0.04665 -0.0702877 
0.046675 -0.0702874 
0.0467 -0.0702871 
0.046725 -0.0702867 
0.04675 -0.0702864 
0.046775 -0.0702861 
0.0468 -0.0702857 
0.046825 -0.0702854 
0.04685 -0.0702851 
0.046875 -0.0702847 
0.0469 -0.0702844 
0.046925 -0.0702841 
0.04695 -0.0702837 
0.046975 -0.0702834 
0.047 -0.0702831 
0.047025 -0.0702828 
0.04705 -0.0702824 
0.047075 -0.0702821 
0.0471 -0.0702818 
0.047125 -0.0702815 
0.04715 -0.0702812 
0.047175 -0.0702808 
0.0472 -0.0702805 
0.047225 -0.0702802 
0.04725 -0.0702799 
0.047275 -0.0702796 
0.0473 -0.0702793 
0.047325 -0.070279 
0.04735 -0.0702786 
0.047375 -0.0702783 
0.0474 -0.070278 
0.047425 -0.0702777 
0.04745 -0.0702774 
0.047475 -0.0702771 
0.0475 -0.0702768 
0.047525 -0.0702765 
0.04755 -0.0702762 
0.047575 -0.0702759 
0.0476 -0.0702756 
0.047625 -0.0702753 
0.04765 -0.070275 
0.047675 -0.0702747 
0.0477 -0.0702744 
0.047725 -0.0702741 
0.04775 -0.0702738 
0.047775 -0.0702735 
0.0478 -0.0702732 
0.047825 -0.0702729 
0.04785 -0.0702726 
0.047875 -0.0702723 
0.0479 -0.070272 
0.047925 -0.0702717 
0.04795 -0.0702714 
0.047975 -0.0702711 
0.048 -0.0702708 
0.048025 -0.0702705 
0.04805 -0.0702702 
0.048075 -0.0702699 
0.0481 -0.0702696 
0.048125 -0.0702694 
0.04815 -0.0702691 
0.048175 -0.0702688 
0.0482 -0.0702685 
0.048225 -0.0702682 
0.04825 -0.0702679 
0.048275 -0.0702676 
0.0483 -0.0702674 
0.048325 -0.0702671 
0.04835 -0.0702668 
0.048375 -0.0702665 
0.0484 -0.0702662 
0.048425 -0.070266 
0.04845 -0.0702657 
0.048475 -0.0702654 
0.0485 -0.0702651 
0.048525 -0.0702649 
0.04855 -0.0702646 
0.048575 -0.0702643 
0.0486 -0.070264 
0.048625 -0.0702638 
0.04865 -0.0702635 
0.048675 -0.0702632 
0.0487 -0.0702629 
0.048725 -0.0702627 
0.04875 -0.0702624 
0.048775 -0.0702621 
0.0488 -0.0702619 
0.048825 -0.0702616 
0.04885 -0.0702613 
0.048875 -0.0702611 
0.0489 -0.0702608 
0.048925 -0.0702605 
0.04895 -0.0702603 
0.048975 -0.07026 
0.049 -0.0702597 
0.049025 -0.0702595 
0.04905 -0.0702592 
0.049075 -0.0702589 
0.0491 -0.0702587 
0.049125 -0.0702584 
0.04915 -0.0702582 
0.049175 -0.0702579 
0.0492 -0.0702576 
0.049225 -0.0702574 
0.04925 -0.0702571 
0.049275 -0.0702569 
0.0493 -0.0702566 
0.049325 -0.0702564 
0.04935 -0.0702561 
0.049375 -0.0702558 
0.0494 -0.0702556 
0.049425 -0.0702553 
0.04945 -0.0702551 
0.049475 -0.0702548 
0.0495 -0.0702546 
0.049525 -0.0702543 
0.04955 -0.0702541 
0.049575 -0.0702538 
0.0496 -0.0702536 
0.049625 -0.0702533 
0.04965 -0.0702531 
0.049675 -0.0702528 
0.0497 -0.0702526 
0.049725 -0.0702523 
0.04975 -0.0702521 
0.049775 -0.0702518 
0.0498 -0.0702516 
0.049825 -0.0702513 
0.04985 -0.0702511 
0.049875 -0.0702509 
0.0499 -0.0702506 
0.049925 -0.0702504 
0.04995 -0.0702501 
0.049975 -0.0702499 
0.05 -0.0702496 
0.050025 -0.0702494 
0.05005 -0.0702491 
0.050075 -0.0702489 
0.0501 -0.0702486 
0.050125 -0.0702484 
0.05015 -0.0702481 
0.050175 -0.0702479 
0.0502 -0.0702477 
0.050225 -0.0702474 
0.05025 -0.0702472 
0.050275 -0.0702469 
0.0503 -0.0702467 
0.050325 -0.0702464 
0.05035 -0.0702462 
0.050375 -0.070246 
0.0504 -0.0702457 
0.050425 -0.0702455 
0.05045 -0.0702452 
0.050475 -0.070245 
0.0505 -0.0702448 
0.050525 -0.0702445 
0.05055 -0.0702443 
0.050575 -0.0702441 
0.0506 -0.0702438 
0.050625 -0.0702436 
0.05065 -0.0702434 
0.050675 -0.0702431 
0.0507 -0.0702429 
0.050725 -0.0702427 
0.05075 -0.0702424 
0.050775 -0.0702422 
0.0508 -0.070242 
0.050825 -0.0702417 
0.05085 -0.0702415 
0.050875 -0.0702413 
0.0509 -0.070241 
0.050925 -0.0702408 
0.05095 -0.0702406 
0.050975 -0.0702403 
0.051 -0.0702401 
0.051025 -0.0702399 
0.05105 -0.0702397 
0.051075 -0.0702394 
0.0511 -0.0702392 
0.051125 -0.070239 
0.05115 -0.0702387 
0.051175 -0.0702385 
0.0512 -0.0702383 
0.051225 -0.0702381 
0.05125 -0.0702378 
0.051275 -0.0702376 
0.0513 -0.0702374 
0.051325 -0.0702372 
0.05135 -0.070237 
0.051375 -0.0702367 
0.0514 -0.0702365 
0.051425 -0.0702363 
0.05145 -0.0702361 
0.051475 -0.0702359 
0.0515 -0.0702356 
0.051525 -0.0702354 
0.05155 -0.0702352 
0.051575 -0.070235 
0.0516 -0.0702348 
0.051625 -0.0702345 
0.05165 -0.0702343 
0.051675 -0.0702341 
0.0517 -0.0702339 
0.051725 -0.0702337 
0.05175 -0.0702335 
0.051775 -0.0702333 
0.0518 -0.070233 
0.051825 -0.0702328 
0.05185 -0.0702326 
0.051875 -0.0702324 
0.0519 -0.0702322 
0.051925 -0.070232 
0.05195 -0.0702318 
0.051975 -0.0702316 
0.052 -0.0702314 
0.052025 -0.0702311 
0.05205 -0.0702309 
0.052075 -0.0702307 
0.0521 -0.0702305 
0.052125 -0.0702303 
0.05215 -0.0702301 
0.052175 -0.0702299 
0.0522 -0.0702297 
0.052225 -0.0702295 
0.05225 -0.0702293 
0.052275 -0.0702291 
0.0523 -0.0702289 
0.052325 -0.0702287 
0.05235 -0.0702285 
0.052375 -0.0702283 
0.0524 -0.0702281 
0.052425 -0.0702279 
0.05245 -0.0702277 
0.052475 -0.0702275 
0.0525 -0.0702273 
0.052525 -0.0702271 
0.05255 -0.0702269 
0.052575 -0.0702267 
0.0526 -0.0702265 
0.052625 -0.0702263 
0.05265 -0.0702261 
0.052675 -0.0702259 
0.0527 -0.0702257 
0.052725 -0.0702255 
0.05275 -0.0702253 
0.052775 -0.0702251 
0.0528 -0.0702249 
0.052825 -0.0702247 
0.05285 -0.0702245 
0.052875 -0.0702243 
0.0529 -0.0702241 
0.052925 -0.0702239 
0.05295 -0.0702237 
0.052975 -0.0702235 
0.053 -0.0702233 
0.053025 -0.0702231 
0.05305 -0.070223 
0.053075 -0.0702228 
0.0531 -0.0702226 
0.053125 -0.0702224 
0.05315 -0.0702222 
0.053175 -0.070222 
0.0532 -0.0702218 
0.053225 -0.0702216 
0.05325 -0.0702214 
0.053275 -0.0702213 
0.0533 -0.0702211 
0.053325 -0.0702209 
0.05335 -0.0702207 
0.053375 -0.0702205 
0.0534 -0.0702203 
0.053425 -0.0702201 
0.05345 -0.07022 
0.053475 -0.0702198 
0.0535 -0.0702196 
0.053525 -0.0702194 
0.05355 -0.0702192 
0.053575 -0.070219 
0.0536 -0.0702189 
0.053625 -0.0702187 
0.05365 -0.0702185 
0.053675 -0.0702183 
0.0537 -0.0702181 
0.053725 -0.070218 
0.05375 -0.0702178 
0.053775 -0.0702176 
0.0538 -0.0702174 
0.053825 -0.0702172 
0.05385 -0.0702171 
0.053875 -0.0702169 
0.0539 -0.0702167 
0.053925 -0.0702165 
0.05395 -0.0702164 
0.053975 -0.0702162 
0.054 -0.070216 
0.054025 -0.0702158 
0.05405 -0.0702157 
0.054075 -0.0702155 
0.0541 -0.0702153 
0.054125 -0.0702151 
0.05415 -0.070215 
0.054175 -0.0702148 
0.0542 -0.0702146 
0.054225 -0.0702144 
0.05425 -0.0702143 
0.054275 -0.0702141 
0.0543 -0.0702139 
0.054325 -0.0702138 
0.05435 -0.0702136 
0.054375 -0.0702134 
0.0544 -0.0702133 
0.054425 -0.0702131 
0.05445 -0.0702129 
0.054475 -0.0702128 
0.0545 -0.0702126 
0.054525 -0.0702124 
0.05455 -0.0702123 
0.054575 -0.0702121 
0.0546 -0.0702119 
0.054625 -0.0702118 
0.05465 -0.0702116 
0.054675 -0.0702114 
0.0547 -0.0702113 
0.054725 -0.0702111 
0.05475 -0.0702109 
0.054775 -0.0702108 
0.0548 -0.0702106 
0.054825 -0.0702105 
0.05485 -0.0702103 
0.054875 -0.0702101 
0.0549 -0.07021 
0.054925 -0.0702098 
0.05495 -0.0702097 
0.054975 -0.0702095 
0.055 -0.0702093 
0.055025 -0.0702092 
0.05505 -0.070209 
0.055075 -0.0702089 
0.0551 -0.0702087 
0.055125 -0.0702085 
0.05515 -0.0702084 
0.055175 -0.0702082 
0.0552 -0.0702081 
0.055225 -0.0702079 
0.05525 -0.0702078 
0.055275 -0.0702076 
0.0553 -0.0702075 
0.055325 -0.0702073 
0.05535 -0.0702071 
0.055375 -0.070207 
0.0554 -0.0702068 
0.055425 -0.0702067 
0.05545 -0.0702065 
0.055475 -0.0702064 
0.0555 -0.0702062 
0.055525 -0.0702061 
0.05555 -0.0702059 
0.055575 -0.0702058 
0.0556 -0.0702056 
0.055625 -0.0702055 
0.05565 -0.0702053 
0.055675 -0.0702052 
0.0557 -0.070205 
0.055725 -0.0702049 
0.05575 -0.0702047 
0.055775 -0.0702046 
0.0558 -0.0702044 
0.055825 -0.0702043 
0.05585 -0.0702041 
0.055875 -0.0702039 
0.0559 -0.0702038 
0.055925 -0.0702036 
0.05595 -0.0702035 
0.055975 -0.0702034 
0.056 -0.0702032 
0.056025 -0.0702031 
0.05605 -0.0702029 
0.056075 -0.0702028 
0.0561 -0.0702026 
0.056125 -0.0702025 
0.05615 -0.0702023 
0.056175 -0.0702022 
0.0562 -0.070202 
0.056225 -0.0702019 
0.05625 -0.0702017 
0.056275 -0.0702016 
0.0563 -0.0702014 
0.056325 -0.0702013 
0.05635 -0.0702012 
0.056375 -0.070201 
0.0564 -0.0702009 
0.056425 -0.0702007 
0.05645 -0.0702006 
0.056475 -0.0702005 
0.0565 -0.0702003 
0.056525 -0.0702002 
0.05655 -0.0702 
0.056575 -0.0701999 
0.0566 -0.0701998 
0.056625 -0.0701996 
0.05665 -0.0701995 
0.056675 -0.0701993 
0.0567 -0.0701992 
0.056725 -0.070199 
0.05675 -0.0701989 
0.056775 -0.0701987 
0.0568 -0.0701986 
0.056825 -0.0701985 
0.05685 -0.0701983 
0.056875 -0.0701982 
0.0569 -0.070198 
0.056925 -0.0701979 
0.05695 -0.0701978 
0.056975 -0.0701976 
0.057 -0.0701975 
0.057025 -0.0701973 
0.05705 -0.0701972 
0.057075 -0.0701971 
0.0571 -0.0701969 
0.057125 -0.0701968 
0.05715 -0.0701967 
0.057175 -0.0701965 
0.0572 -0.0701964 
0.057225 -0.0701963 
0.05725 -0.0701961 
0.057275 -0.070196 
0.0573 -0.0701959 
0.057325 -0.0701958 
0.05735 -0.0701956 
0.057375 -0.0701955 
0.0574 -0.0701954 
0.057425 -0.0701953 
0.05745 -0.0701951 
0.057475 -0.070195 
0.0575 -0.0701949 
0.057525 -0.0701947 
0.05755 -0.0701946 
0.057575 -0.0701945 
0.0576 -0.0701944 
0.057625 -0.0701943 
0.05765 -0.0701941 
0.057675 -0.070194 
0.0577 -0.0701939 
0.057725 -0.0701938 
0.05775 -0.0701937 
0.057775 -0.0701935 
0.0578 -0.0701934 
0.057825 -0.0701933 
0.05785 -0.0701932 
0.057875 -0.0701931 
0.0579 -0.0701929 
0.057925 -0.0701928 
0.05795 -0.0701927 
0.057975 -0.0701926 
0.058 -0.0701925 
0.058025 -0.0701923 
0.05805 -0.0701922 
0.058075 -0.0701921 
0.0581 -0.070192 
0.058125 -0.0701919 
0.05815 -0.0701918 
0.058175 -0.0701917 
0.0582 -0.0701915 
0.058225 -0.0701914 
0.05825 -0.0701913 
0.058275 -0.0701912 
0.0583 -0.0701911 
0.058325 -0.070191 
0.05835 -0.0701909 
0.058375 -0.0701908 
0.0584 -0.0701907 
0.058425 -0.0701906 
0.05845 -0.0701905 
0.058475 -0.0701904 
0.0585 -0.0701902 
0.058525 -0.0701901 
0.05855 -0.07019 
0.058575 -0.0701899 
0.0586 -0.0701898 
0.058625 -0.0701897 
0.05865 -0.0701896 
0.058675 -0.0701895 
0.0587 -0.0701894 
0.058725 -0.0701893 
0.05875 -0.0701892 
0.058775 -0.0701891 
0.0588 -0.070189 
0.058825 -0.0701889 
0.05885 -0.0701888 
0.058875 -0.0701887 
0.0589 -0.0701886 
0.058925 -0.0701885 
0.05895 -0.0701884 
0.058975 -0.0701883 
0.059 -0.0701883 
0.059025 -0.0701882 
0.05905 -0.0701881 
0.059075 -0.070188 
0.0591 -0.0701879 
0.059125 -0.0701878 
0.05915 -0.0701877 
0.059175 -0.0701876 
0.0592 -0.0701875 
0.059225 -0.0701874 
0.05925 -0.0701873 
0.059275 -0.0701872 
0.0593 -0.0701872 
0.059325 -0.0701871 
0.05935 -0.070187 
0.059375 -0.0701869 
0.0594 -0.0701868 
0.059425 -0.0701867 
0.05945 -0.0701866 
0.059475 -0.0701866 
0.0595 -0.0701865 
0.059525 -0.0701864 
0.05955 -0.0701863 
0.059575 -0.0701862 
0.0596 -0.0701861 
0.059625 -0.0701861 
0.05965 -0.070186 
0.059675 -0.0701859 
0.0597 -0.0701858 
0.059725 -0.0701857 
0.05975 -0.0701857 
0.059775 -0.0701856 
0.0598 -0.0701855 
0.059825 -0.0701854 
0.05985 -0.0701854 
0.059875 -0.0701853 
0.0599 -0.0701852 
0.059925 -0.0701851 
0.05995 -0.0701851 
0.059975 -0.070185 
0.06 -0.0701849 
0.060025 -0.0701848 
0.06005 -0.0701848 
0.060075 -0.0701847 
0.0601 -0.0701846 
0.060125 -0.0701846 
0.06015 -0.0701845 
0.060175 -0.0701844 
0.0602 -0.0701843 
0.060225 -0.0701843 
0.06025 -0.0701842 
0.060275 -0.0701841 
0.0603 -0.0701841 
0.060325 -0.070184 
0.06035 -0.0701839 
0.060375 -0.0701839 
0.0604 -0.0701838 
0.060425 -0.0701838 
0.06045 -0.0701837 
0.060475 -0.0701836 
0.0605 -0.0701836 
0.060525 -0.0701835 
0.06055 -0.0701835 
0.060575 -0.0701834 
0.0606 -0.0701833 
0.060625 -0.0701833 
0.06065 -0.0701832 
0.060675 -0.0701832 
0.0607 -0.0701831 
0.060725 -0.0701831 
0.06075 -0.070183 
0.060775 -0.070183 
0.0608 -0.0701829 
0.060825 -0.0701829 
0.06085 -0.0701828 
0.060875 -0.0701828 
0.0609 -0.0701827 
0.060925 -0.0701827 
0.06095 -0.0701826 
0.060975 -0.0701826 
0.061 -0.0701825 
0.061025 -0.0701825 
0.06105 -0.0701825 
0.061075 -0.0701824 
0.0611 -0.0701824 
0.061125 -0.0701823 
0.06115 -0.0701823 
0.061175 -0.0701822 
0.0612 -0.0701822 
0.061225 -0.0701822 
0.06125 -0.0701821 
0.061275 -0.0701821 
0.0613 -0.070182 
0.061325 -0.070182 
0.06135 -0.070182 
0.061375 -0.0701819 
0.0614 -0.0701819 
0.061425 -0.0701819 
0.06145 -0.0701818 
0.061475 -0.0701818 
0.0615 -0.0701818 
0.061525 -0.0701817 
0.06155 -0.0701817 
0.061575 -0.0701817 
0.0616 -0.0701816 
0.061625 -0.0701816 
0.06165 -0.0701816 
0.061675 -0.0701815 
0.0617 -0.0701815 
0.061725 -0.0701815 
0.06175 -0.0701814 
0.061775 -0.0701814 
0.0618 -0.0701814 
0.061825 -0.0701814 
0.06185 -0.0701813 
0.061875 -0.0701813 
0.0619 -0.0701813 
0.061925 -0.0701813 
0.06195 -0.0701812 
0.061975 -0.0701812 
0.062 -0.0701812 
0.062025 -0.0701812 
0.06205 -0.0701812 
0.062075 -0.0701811 
0.0621 -0.0701811 
0.062125 -0.0701811 
0.06215 -0.0701811 
0.062175 -0.0701811 
0.0622 -0.070181 
0.062225 -0.070181 
0.06225 -0.070181 
0.062275 -0.070181 
0.0623 -0.070181 
0.062325 -0.070181 
0.06235 -0.0701809 
0.062375 -0.0701809 
0.0624 -0.0701809 
0.062425 -0.0701809 
0.06245 -0.0701809 
0.062475 -0.0701809 
0.0625 -0.0701809 
0.062525 -0.0701809 
0.06255 -0.0701808 
0.062575 -0.0701808 
0.0626 -0.0701808 
0.062625 -0.0701808 
0.06265 -0.0701808 
0.062675 -0.0701808 
0.0627 -0.0701808 
0.062725 -0.0701808 
0.06275 -0.0701808 
0.062775 -0.0701808 
0.0628 -0.0701808 
0.062825 -0.0701808 
0.06285 -0.0701808 
0.062875 -0.0701808 
0.0629 -0.0701808 
0.062925 -0.0701808 
0.06295 -0.0701808 
0.062975 -0.0701808 
0.063 -0.0701808 
0.063025 -0.0701808 
0.06305 -0.0701808 
0.063075 -0.0701808 
0.0631 -0.0701808 
0.063125 -0.0701808 
0.06315 -0.0701808 
0.063175 -0.0701808 
0.0632 -0.0701808 
0.063225 -0.0701808 
0.06325 -0.0701808 
0.063275 -0.0701808 
0.0633 -0.0701808 
0.063325 -0.0701808 
0.06335 -0.0701808 
0.063375 -0.0701808 
0.0634 -0.0701808 
0.063425 -0.0701808 
0.06345 -0.0701808 
0.063475 -0.0701808 
0.0635 -0.0701808 
0.063525 -0.0701808 
0.06355 -0.0701809 
0.063575 -0.0701809 
0.0636 -0.0701809 
0.063625 -0.0701809 
0.06365 -0.0701809 
0.063675 -0.0701809 
0.0637 -0.0701809 
0.063725 -0.0701809 
0.06375 -0.070181 
0.063775 -0.070181 
0.0638 -0.070181 
0.063825 -0.070181 
0.06385 -0.070181 
0.063875 -0.070181 
0.0639 -0.0701811 
0.063925 -0.0701811 
0.06395 -0.0701811 
0.063975 -0.0701811 
0.064 -0.0701811 
0.064025 -0.0701812 
0.06405 -0.0701812 
0.064075 -0.0701812 
0.0641 -0.0701812 
0.064125 -0.0701812 
0.06415 -0.0701813 
0.064175 -0.0701813 
0.0642 -0.0701813 
0.064225 -0.0701813 
0.06425 -0.0701814 
0.064275 -0.0701814 
0.0643 -0.0701814 
0.064325 -0.0701814 
0.06435 -0.0701815 
0.064375 -0.0701815 
0.0644 -0.0701815 
0.064425 -0.0701815 
0.06445 -0.0701816 
0.064475 -0.0701816 
0.0645 -0.0701816 
0.064525 -0.0701817 
0.06455 -0.0701817 
0.064575 -0.0701817 
0.0646 -0.0701818 
0.064625 -0.0701818 
0.06465 -0.0701818 
0.064675 -0.0701819 
0.0647 -0.0701819 
0.064725 -0.0701819 
0.06475 -0.070182 
0.064775 -0.070182 
0.0648 -0.070182 
0.064825 -0.0701821 
0.06485 -0.0701821 
0.064875 -0.0701821 
0.0649 -0.0701822 
0.064925 -0.0701822 
0.06495 -0.0701823 
0.064975 -0.0701823 
0.065 -0.0701823 
0.065025 -0.0701824 
0.06505 -0.0701824 
0.065075 -0.0701825 
0.0651 -0.0701825 
0.065125 -0.0701825 
0.06515 -0.0701826 
0.065175 -0.0701826 
0.0652 -0.0701827 
0.065225 -0.0701827 
0.06525 -0.0701828 
0.065275 -0.0701828 
0.0653 -0.0701828 
0.065325 -0.0701829 
0.06535 -0.0701829 
0.065375 -0.070183 
0.0654 -0.070183 
0.065425 -0.0701831 
0.06545 -0.0701831 
0.065475 -0.0701832 
0.0655 -0.0701832 
0.065525 -0.0701833 
0.06555 -0.0701833 
0.065575 -0.0701834 
0.0656 -0.0701834 
0.065625 -0.0701835 
0.06565 -0.0701835 
0.065675 -0.0701836 
0.0657 -0.0701836 
0.065725 -0.0701837 
0.06575 -0.0701837 
0.065775 -0.0701838 
0.0658 -0.0701838 
0.065825 -0.0701839 
0.06585 -0.0701839 
0.065875 -0.070184 
0.0659 -0.070184 
0.065925 -0.0701841 
0.06595 -0.0701842 
0.065975 -0.0701842 
0.066 -0.0701843 
0.066025 -0.0701843 
0.06605 -0.0701844 
0.066075 -0.0701844 
0.0661 -0.0701845 
0.066125 -0.0701846 
0.06615 -0.0701846 
0.066175 -0.0701847 
0.0662 -0.0701847 
0.066225 -0.0701848 
0.06625 -0.0701849 
0.066275 -0.0701849 
0.0663 -0.070185 
0.066325 -0.0701851 
0.06635 -0.0701851 
0.066375 -0.0701852 
0.0664 -0.0701852 
0.066425 -0.0701853 
0.06645 -0.0701854 
0.066475 -0.0701854 
0.0665 -0.0701855 
0.066525 -0.0701856 
0.06655 -0.0701856 
0.066575 -0.0701857 
0.0666 -0.0701858 
0.066625 -0.0701858 
0.06665 -0.0701859 
0.066675 -0.070186 
0.0667 -0.070186 
0.066725 -0.0701861 
0.06675 -0.0701862 
0.066775 -0.0701863 
0.0668 -0.0701863 
0.066825 -0.0701864 
0.06685 -0.0701865 
0.066875 -0.0701865 
0.0669 -0.0701866 
0.066925 -0.0701867 
0.06695 -0.0701868 
0.066975 -0.0701868 
0.067 -0.0701869 
0.067025 -0.070187 
0.06705 -0.0701871 
0.067075 -0.0701871 
0.0671 -0.0701872 
0.067125 -0.0701873 
0.06715 -0.0701874 
0.067175 -0.0701874 
0.0672 -0.0701875 
0.067225 -0.0701876 
0.06725 -0.0701877 
0.067275 -0.0701878 
0.0673 -0.0701878 
0.067325 -0.0701879 
0.06735 -0.070188 
0.067375 -0.0701881 
0.0674 -0.0701882 
0.067425 -0.0701882 
0.06745 -0.0701883 
0.067475 -0.0701884 
0.0675 -0.0701885 
0.067525 -0.0701886 
0.06755 -0.0701887 
0.067575 -0.0701887 
0.0676 -0.0701888 
0.067625 -0.0701889 
0.06765 -0.070189 
0.067675 -0.0701891 
0.0677 -0.0701892 
0.067725 -0.0701893 
0.06775 -0.0701894 
0.067775 -0.0701895 
0.0678 -0.0701896 
0.067825 -0.0701896 
0.06785 -0.0701897 
0.067875 -0.0701898 
0.0679 -0.0701899 
0.067925 -0.07019 
0.06795 -0.0701901 
0.067975 -0.0701902 
0.068 -0.0701903 
0.068025 -0.0701904 
0.06805 -0.0701905 
0.068075 -0.0701906 
0.0681 -0.0701907 
0.068125 -0.0701908 
0.06815 -0.0701909 
0.068175 -0.070191 
0.0682 -0.0701911 
0.068225 -0.0701912 
0.06825 -0.0701913 
0.068275 -0.0701914 
0.0683 -0.0701915 
0.068325 -0.0701916 
0.06835 -0.0701917 
0.068375 -0.0701918 
0.0684 -0.0701919 
0.068425 -0.070192 
0.06845 -0.0701921 
0.068475 -0.0701922 
0.0685 -0.0701923 
0.068525 -0.0701924 
0.06855 -0.0701925 
0.068575 -0.0701926 
0.0686 -0.0701927 
0.068625 -0.0701928 
0.06865 -0.0701929 
0.068675 -0.070193 
0.0687 -0.0701931 
0.068725 -0.0701932 
0.06875 -0.0701933 
0.068775 -0.0701934 
0.0688 -0.0701935 
0.068825 -0.0701936 
0.06885 -0.0701937 
0.068875 -0.0701938 
0.0689 -0.0701939 
0.068925 -0.070194 
0.06895 -0.0701941 
0.068975 -0.0701942 
0.069 -0.0701944 
0.069025 -0.0701945 
0.06905 -0.0701946 
0.069075 -0.0701947 
0.0691 -0.0701948 
0.069125 -0.0701949 
0.06915 -0.070195 
0.069175 -0.0701951 
0.0692 -0.0701952 
0.069225 -0.0701953 
0.06925 -0.0701954 
0.069275 -0.0701956 
0.0693 -0.0701957 
0.069325 -0.0701958 
0.06935 -0.0701959 
0.069375 -0.070196 
0.0694 -0.0701961 
0.069425 -0.0701962 
0.06945 -0.0701964 
0.069475 -0.0701965 
0.0695 -0.0701966 
0.069525 -0.0701967 
0.06955 -0.0701968 
0.069575 -0.0701969 
0.0696 -0.070197 
0.069625 -0.0701972 
0.06965 -0.0701973 
0.069675 -0.0701974 
0.0697 -0.0701975 
0.069725 -0.0701976 
0.06975 -0.0701977 
0.069775 -0.0701979 
0.0698 -0.070198 
0.069825 -0.0701981 
0.06985 -0.0701982 
0.069875 -0.0701983 
0.0699 -0.0701985 
0.069925 -0.0701986 
0.06995 -0.0701987 
0.069975 -0.0701988 
0.07 -0.0701989 
0.070025 -0.0701991 
0.07005 -0.0701992 
0.070075 -0.0701993 
0.0701 -0.0701994 
0.070125 -0.0701996 
0.07015 -0.0701997 
0.070175 -0.0701998 
0.0702 -0.0701999 
0.070225 -0.0702001 
0.07025 -0.0702002 
0.070275 -0.0702003 
0.0703 -0.0702005 
0.070325 -0.0702006 
0.07035 -0.0702008 
0.070375 -0.0702009 
0.0704 -0.070201 
0.070425 -0.0702012 
0.07045 -0.0702013 
0.070475 -0.0702014 
0.0705 -0.0702016 
0.070525 -0.0702017 
0.07055 -0.0702019 
0.070575 -0.070202 
0.0706 -0.0702021 
0.070625 -0.0702023 
0.07065 -0.0702024 
0.070675 -0.0702025 
0.0707 -0.0702027 
0.070725 -0.0702028 
0.07075 -0.070203 
0.070775 -0.0702031 
0.0708 -0.0702032 
0.070825 -0.0702034 
0.07085 -0.0702035 
0.070875 -0.0702036 
0.0709 -0.0702038 
0.070925 -0.0702039 
0.07095 -0.070204 
0.070975 -0.0702042 
0.071 -0.0702043 
0.071025 -0.0702045 
0.07105 -0.0702046 
0.071075 -0.0702047 
0.0711 -0.0702049 
0.071125 -0.070205 
0.07115 -0.0702051 
0.071175 -0.0702053 
0.0712 -0.0702054 
0.071225 -0.0702055 
0.07125 -0.0702057 
0.071275 -0.0702058 
0.0713 -0.070206 
0.071325 -0.0702061 
0.07135 -0.0702062 
0.071375 -0.0702064 
0.0714 -0.0702065 
0.071425 -0.0702067 
0.07145 -0.0702068 
0.071475 -0.0702069 
0.0715 -0.0702071 
0.071525 -0.0702072 
0.07155 -0.0702073 
0.071575 -0.0702075 
0.0716 -0.0702076 
0.071625 -0.0702078 
0.07165 -0.0702079 
0.071675 -0.070208 
0.0717 -0.0702082 
0.071725 -0.0702083 
0.07175 -0.0702085 
0.071775 -0.0702086 
0.0718 -0.0702087 
0.071825 -0.0702089 
0.07185 -0.070209 
0.071875 -0.0702092 
0.0719 -0.0702093 
0.071925 -0.0702095 
0.07195 -0.0702096 
0.071975 -0.0702097 
0.072 -0.0702099 
0.072025 -0.07021 
0.07205 -0.0702102 
0.072075 -0.0702103 
0.0721 -0.0702105 
0.072125 -0.0702106 
0.07215 -0.0702107 
0.072175 -0.0702109 
0.0722 -0.070211 
0.072225 -0.0702112 
0.07225 -0.0702113 
0.072275 -0.0702115 
0.0723 -0.0702116 
0.072325 -0.0702117 
0.07235 -0.0702119 
0.072375 -0.070212 
0.0724 -0.0702122 
0.072425 -0.0702123 
0.07245 -0.0702125 
0.072475 -0.0702126 
0.0725 -0.0702128 
0.072525 -0.0702129 
0.07255 -0.070213 
0.072575 -0.0702132 
0.0726 -0.0702133 
0.072625 -0.0702135 
0.07265 -0.0702136 
0.072675 -0.0702138 
0.0727 -0.0702139 
0.072725 -0.0702141 
0.07275 -0.0702142 
0.072775 -0.0702143 
0.0728 -0.0702145 
0.072825 -0.0702146 
0.07285 -0.0702148 
0.072875 -0.0702149 
0.0729 -0.0702151 
0.072925 -0.0702152 
0.07295 -0.0702154 
0.072975 -0.0702155 
0.073 -0.0702157 
0.073025 -0.0702158 
0.07305 -0.070216 
0.073075 -0.0702161 
0.0731 -0.0702163 
0.073125 -0.0702164 
0.07315 -0.0702166 
0.073175 -0.0702168 
0.0732 -0.0702169 
0.073225 -0.0702171 
0.07325 -0.0702172 
0.073275 -0.0702174 
0.0733 -0.0702175 
0.073325 -0.0702177 
0.07335 -0.0702178 
0.073375 -0.070218 
0.0734 -0.0702181 
0.073425 -0.0702183 
0.07345 -0.0702185 
0.073475 -0.0702186 
0.0735 -0.0702188 
0.073525 -0.0702189 
0.07355 -0.0702191 
0.073575 -0.0702192 
0.0736 -0.0702194 
0.073625 -0.0702195 
0.07365 -0.0702197 
0.073675 -0.0702199 
0.0737 -0.07022 
0.073725 -0.0702202 
0.07375 -0.0702203 
0.073775 -0.0702205 
0.0738 -0.0702206 
0.073825 -0.0702208 
0.07385 -0.070221 
0.073875 -0.0702211 
0.0739 -0.0702213 
0.073925 -0.0702214 
0.07395 -0.0702216 
0.073975 -0.0702217 
0.074 -0.0702219 
0.074025 -0.070222 
0.07405 -0.0702222 
0.074075 -0.0702224 
0.0741 -0.0702225 
0.074125 -0.0702227 
0.07415 -0.0702228 
0.074175 -0.070223 
0.0742 -0.0702231 
0.074225 -0.0702233 
0.07425 -0.0702235 
0.074275 -0.0702236 
0.0743 -0.0702238 
0.074325 -0.0702239 
0.07435 -0.0702241 
0.074375 -0.0702243 
0.0744 -0.0702244 
0.074425 -0.0702246 
0.07445 -0.0702247 
0.074475 -0.0702249 
0.0745 -0.070225 
0.074525 -0.0702252 
0.07455 -0.0702254 
0.074575 -0.0702255 
0.0746 -0.0702257 
0.074625 -0.0702258 
0.07465 -0.070226 
0.074675 -0.0702262 
0.0747 -0.0702263 
0.074725 -0.0702265 
0.07475 -0.0702266 
0.074775 -0.0702268 
0.0748 -0.0702269 
0.074825 -0.0702271 
0.07485 -0.0702273 
0.074875 -0.0702274 
0.0749 -0.0702276 
0.074925 -0.0702277 
0.07495 -0.0702279 
0.074975 -0.0702281 
0.075 -0.0702282 
0.075025 -0.0702284 
0.07505 -0.0702285 
0.075075 -0.0702287 
0.0751 -0.0702289 
0.075125 -0.070229 
0.07515 -0.0702292 
0.075175 -0.0702293 
0.0752 -0.0702295 
0.075225 -0.0702297 
0.07525 -0.0702298 
0.075275 -0.07023 
0.0753 -0.0702301 
0.075325 -0.0702303 
0.07535 -0.0702305 
0.075375 -0.0702306 
0.0754 -0.0702308 
0.075425 -0.0702309 
0.07545 -0.0702311 
0.075475 -0.0702312 
0.0755 -0.0702314 
0.075525 -0.0702316 
0.07555 -0.0702317 
0.075575 -0.0702319 
0.0756 -0.070232 
0.075625 -0.0702322 
0.07565 -0.0702324 
0.075675 -0.0702325 
0.0757 -0.0702327 
0.075725 -0.0702328 
0.07575 -0.070233 
0.075775 -0.0702332 
0.0758 -0.0702333 
0.075825 -0.0702335 
0.07585 -0.0702336 
0.075875 -0.0702338 
0.0759 -0.070234 
0.075925 -0.0702341 
0.07595 -0.0702343 
0.075975 -0.0702344 
0.076 -0.0702346 
0.076025 -0.0702348 
0.07605 -0.0702349 
0.076075 -0.0702351 
0.0761 -0.0702352 
0.076125 -0.0702354 
0.07615 -0.0702356 
0.076175 -0.0702357 
0.0762 -0.0702359 
0.076225 -0.0702361 
0.07625 -0.0702362 
0.076275 -0.0702364 
0.0763 -0.0702365 
0.076325 -0.0702367 
0.07635 -0.0702369 
0.076375 -0.070237 
0.0764 -0.0702372 
0.076425 -0.0702373 
0.07645 -0.0702375 
0.076475 -0.0702377 
0.0765 -0.0702378 
0.076525 -0.070238 
0.07655 -0.0702381 
0.076575 -0.0702383 
0.0766 -0.0702385 
0.076625 -0.0702386 
0.07665 -0.0702388 
0.076675 -0.0702389 
0.0767 -0.0702391 
0.076725 -0.0702393 
0.07675 -0.0702394 
0.076775 -0.0702396 
0.0768 -0.0702397 
0.076825 -0.0702399 
0.07685 -0.0702401 
0.076875 -0.0702402 
0.0769 -0.0702404 
0.076925 -0.0702405 
0.07695 -0.0702407 
0.076975 -0.0702409 
0.077 -0.070241 
0.077025 -0.0702412 
0.07705 -0.0702413 
0.077075 -0.0702415 
0.0771 -0.0702417 
0.077125 -0.0702418 
0.07715 -0.070242 
0.077175 -0.0702421 
0.0772 -0.0702423 
0.077225 -0.0702424 
0.07725 -0.0702426 
0.077275 -0.0702428 
0.0773 -0.0702429 
0.077325 -0.0702431 
0.07735 -0.0702432 
0.077375 -0.0702434 
0.0774 -0.0702436 
0.077425 -0.0702437 
0.07745 -0.0702439 
0.077475 -0.070244 
0.0775 -0.0702442 
0.077525 -0.0702443 
0.07755 -0.0702445 
0.077575 -0.0702447 
0.0776 -0.0702448 
0.077625 -0.070245 
0.07765 -0.0702451 
0.077675 -0.0702453 
0.0777 -0.0702454 
0.077725 -0.0702456 
0.07775 -0.0702458 
0.077775 -0.0702459 
0.0778 -0.0702461 
0.077825 -0.0702462 
0.07785 -0.0702464 
0.077875 -0.0702465 
0.0779 -0.0702467 
0.077925 -0.0702469 
0.07795 -0.070247 
0.077975 -0.0702472 
0.078 -0.0702473 
0.078025 -0.0702475 
0.07805 -0.0702476 
0.078075 -0.0702478 
0.0781 -0.070248 
0.078125 -0.0702481 
0.07815 -0.0702483 
0.078175 -0.0702484 
0.0782 -0.0702486 
0.078225 -0.0702487 
0.07825 -0.0702489 
0.078275 -0.0702491 
0.0783 -0.0702492 
0.078325 -0.0702494 
0.07835 -0.0702495 
0.078375 -0.0702497 
0.0784 -0.0702498 
0.078425 -0.07025 
0.07845 -0.0702501 
0.078475 -0.0702503 
0.0785 -0.0702505 
0.078525 -0.0702506 
0.07855 -0.0702508 
0.078575 -0.070251 
0.0786 -0.0702511 
0.078625 -0.0702513 
0.07865 -0.0702515 
0.078675 -0.0702516 
0.0787 -0.0702518 
0.078725 -0.070252 
0.07875 -0.0702521 
0.078775 -0.0702523 
0.0788 -0.0702525 
0.078825 -0.0702526 
0.07885 -0.0702528 
0.078875 -0.0702529 
0.0789 -0.0702531 
0.078925 -0.0702533 
0.07895 -0.0702534 
0.078975 -0.0702536 
0.079 -0.0702537 
0.079025 -0.0702539 
0.07905 -0.0702541 
0.079075 -0.0702542 
0.0791 -0.0702544 
0.079125 -0.0702545 
0.07915 -0.0702547 
0.079175 -0.0702549 
0.0792 -0.070255 
0.079225 -0.0702552 
0.07925 -0.0702553 
0.079275 -0.0702555 
0.0793 -0.0702557 
0.079325 -0.0702558 
0.07935 -0.070256 
0.079375 -0.0702561 
0.0794 -0.0702563 
0.079425 -0.0702565 
0.07945 -0.0702566 
0.079475 -0.0702568 
0.0795 -0.0702569 
0.079525 -0.0702571 
0.07955 -0.0702573 
0.079575 -0.0702574 
0.0796 -0.0702576 
0.079625 -0.0702577 
0.07965 -0.0702579 
0.079675 -0.0702581 
0.0797 -0.0702582 
0.079725 -0.0702584 
0.07975 -0.0702586 
0.079775 -0.0702587 
0.0798 -0.0702589 
0.079825 -0.070259 
0.07985 -0.0702592 
0.079875 -0.0702594 
0.0799 -0.0702595 
0.079925 -0.0702597 
0.07995 -0.0702598 
0.079975 -0.07026 
0.08 -0.0702602 
0.080025 -0.0702603 
0.08005 -0.0702605 
0.080075 -0.0702606 
0.0801 -0.0702608 
0.080125 -0.070261 
0.08015 -0.0702611 
0.080175 -0.0702613 
0.0802 -0.0702614 
0.080225 -0.0702616 
0.08025 -0.0702617 
0.080275 -0.0702619 
0.0803 -0.0702621 
0.080325 -0.0702622 
0.08035 -0.0702624 
0.080375 -0.0702625 
0.0804 -0.0702627 
0.080425 -0.0702629 
0.08045 -0.070263 
0.080475 -0.0702632 
0.0805 -0.0702633 
0.080525 -0.0702635 
0.08055 -0.0702636 
0.080575 -0.0702638 
0.0806 -0.070264 
0.080625 -0.0702641 
0.08065 -0.0702643 
0.080675 -0.0702644 
0.0807 -0.0702646 
0.080725 -0.0702647 
0.08075 -0.0702649 
0.080775 -0.070265 
0.0808 -0.0702652 
0.080825 -0.0702654 
0.08085 -0.0702655 
0.080875 -0.0702657 
0.0809 -0.0702658 
0.080925 -0.070266 
0.08095 -0.0702661 
0.080975 -0.0702663 
0.081 -0.0702664 
0.081025 -0.0702666 
0.08105 -0.0702668 
0.081075 -0.0702669 
0.0811 -0.0702671 
0.081125 -0.0702672 
0.08115 -0.0702674 
0.081175 -0.0702675 
0.0812 -0.0702677 
0.081225 -0.0702678 
0.08125 -0.070268 
0.081275 -0.0702681 
0.0813 -0.0702683 
0.081325 -0.0702684 
0.08135 -0.0702686 
0.081375 -0.0702687 
0.0814 -0.0702689 
0.081425 -0.070269 
0.08145 -0.0702692 
0.081475 -0.0702693 
0.0815 -0.0702695 
0.081525 -0.0702696 
0.08155 -0.0702698 
0.081575 -0.0702699 
0.0816 -0.0702701 
0.081625 -0.0702702 
0.08165 -0.0702704 
0.081675 -0.0702705 
0.0817 -0.0702707 
0.081725 -0.0702708 
0.08175 -0.070271 
0.081775 -0.0702711 
0.0818 -0.0702713 
0.081825 -0.0702714 
0.08185 -0.0702716 
0.081875 -0.0702717 
0.0819 -0.0702719 
0.081925 -0.070272 
0.08195 -0.0702722 
0.081975 -0.0702723 
0.082 -0.0702725 
0.082025 -0.0702726 
0.08205 -0.0702728 
0.082075 -0.0702729 
0.0821 -0.0702731 
0.082125 -0.0702732 
0.08215 -0.0702733 
0.082175 -0.0702735 
0.0822 -0.0702736 
0.082225 -0.0702738 
0.08225 -0.0702739 
0.082275 -0.0702741 
0.0823 -0.0702742 
0.082325 -0.0702744 
0.08235 -0.0702745 
0.082375 -0.0702747 
0.0824 -0.0702748 
0.082425 -0.0702749 
0.08245 -0.0702751 
0.082475 -0.0702752 
0.0825 -0.0702754 
0.082525 -0.0702755 
0.08255 -0.0702757 
0.082575 -0.0702758 
0.0826 -0.0702759 
0.082625 -0.0702761 
0.08265 -0.0702762 
0.082675 -0.0702764 
0.0827 -0.0702765 
0.082725 -0.0702767 
0.08275 -0.0702768 
0.082775 -0.0702769 
0.0828 -0.0702771 
0.082825 -0.0702772 
0.08285 -0.0702774 
0.082875 -0.0702775 
0.0829 -0.0702776 
0.082925 -0.0702778 
0.08295 -0.0702779 
0.082975 -0.0702781 
0.083 -0.0702782 
0.083025 -0.0702783 
0.08305 -0.0702785 
0.083075 -0.0702786 
0.0831 -0.0702787 
0.083125 -0.0702789 
0.08315 -0.070279 
0.083175 -0.0702792 
0.0832 -0.0702793 
0.083225 -0.0702794 
0.08325 -0.0702796 
0.083275 -0.0702797 
0.0833 -0.0702798 
0.083325 -0.07028 
0.08335 -0.0702801 
0.083375 -0.0702803 
0.0834 -0.0702804 
0.083425 -0.0702805 
0.08345 -0.0702807 
0.083475 -0.0702808 
0.0835 -0.0702809 
0.083525 -0.0702811 
0.08355 -0.0702812 
0.083575 -0.0702813 
0.0836 -0.0702815 
0.083625 -0.0702816 
0.08365 -0.0702817 
0.083675 -0.0702819 
0.0837 -0.070282 
0.083725 -0.0702821 
0.08375 -0.0702823 
0.083775 -0.0702824 
0.0838 -0.0702825 
0.083825 -0.0702827 
0.08385 -0.0702828 
0.083875 -0.0702829 
0.0839 -0.0702831 
0.083925 -0.0702832 
0.08395 -0.0702833 
0.083975 -0.0702835 
0.084 -0.0702836 
0.084025 -0.0702837 
0.08405 -0.0702839 
0.084075 -0.070284 
0.0841 -0.0702841 
0.084125 -0.0702842 
0.08415 -0.0702844 
0.084175 -0.0702845 
0.0842 -0.0702846 
0.084225 -0.0702848 
0.08425 -0.0702849 
0.084275 -0.070285 
0.0843 -0.0702852 
0.084325 -0.0702853 
0.08435 -0.0702854 
0.084375 -0.0702855 
0.0844 -0.0702857 
0.084425 -0.0702858 
0.08445 -0.0702859 
0.084475 -0.0702861 
0.0845 -0.0702862 
0.084525 -0.0702863 
0.08455 -0.0702864 
0.084575 -0.0702866 
0.0846 -0.0702867 
0.084625 -0.0702868 
0.08465 -0.070287 
0.084675 -0.0702871 
0.0847 -0.0702872 
0.084725 -0.0702873 
0.08475 -0.0702875 
0.084775 -0.0702876 
0.0848 -0.0702877 
0.084825 -0.0702878 
0.08485 -0.070288 
0.084875 -0.0702881 
0.0849 -0.0702882 
0.084925 -0.0702883 
0.08495 -0.0702885 
0.084975 -0.0702886 
0.085 -0.0702887 
0.085025 -0.0702888 
0.08505 -0.070289 
0.085075 -0.0702891 
0.0851 -0.0702892 
0.085125 -0.0702893 
0.08515 -0.0702895 
0.085175 -0.0702896 
0.0852 -0.0702897 
0.085225 -0.0702898 
0.08525 -0.0702899 
0.085275 -0.0702901 
0.0853 -0.0702902 
0.085325 -0.0702903 
0.08535 -0.0702904 
0.085375 -0.0702906 
0.0854 -0.0702907 
0.085425 -0.0702908 
0.08545 -0.0702909 
0.085475 -0.070291 
0.0855 -0.0702912 
0.085525 -0.0702913 
0.08555 -0.0702914 
0.085575 -0.0702915 
0.0856 -0.0702916 
0.085625 -0.0702918 
0.08565 -0.0702919 
0.085675 -0.070292 
0.0857 -0.0702921 
0.085725 -0.0702922 
0.08575 -0.0702924 
0.085775 -0.0702925 
0.0858 -0.0702926 
0.085825 -0.0702927 
0.08585 -0.0702928 
0.085875 -0.0702929 
0.0859 -0.0702931 
0.085925 -0.0702932 
0.08595 -0.0702933 
0.085975 -0.0702934 
0.086 -0.0702935 
0.086025 -0.0702937 
0.08605 -0.0702938 
0.086075 -0.0702939 
0.0861 -0.070294 
0.086125 -0.0702941 
0.08615 -0.0702942 
0.086175 -0.0702943 
0.0862 -0.0702945 
0.086225 -0.0702946 
0.08625 -0.0702947 
0.086275 -0.0702948 
0.0863 -0.0702949 
0.086325 -0.070295 
0.08635 -0.0702952 
0.086375 -0.0702953 
0.0864 -0.0702954 
0.086425 -0.0702955 
0.08645 -0.0702956 
0.086475 -0.0702957 
0.0865 -0.0702958 
0.086525 -0.0702959 
0.08655 -0.0702961 
0.086575 -0.0702962 
0.0866 -0.0702963 
0.086625 -0.0702964 
0.08665 -0.0702965 
0.086675 -0.0702966 
0.0867 -0.0702967 
0.086725 -0.0702968 
0.08675 -0.070297 
0.086775 -0.0702971 
0.0868 -0.0702972 
0.086825 -0.0702973 
0.08685 -0.0702974 
0.086875 -0.0702975 
0.0869 -0.0702976 
0.086925 -0.0702977 
0.08695 -0.0702978 
0.086975 -0.070298 
0.087 -0.0702981 
0.087025 -0.0702982 
0.08705 -0.0702983 
0.087075 -0.0702984 
0.0871 -0.0702985 
0.087125 -0.0702986 
0.08715 -0.0702987 
0.087175 -0.0702988 
0.0872 -0.0702989 
0.087225 -0.0702991 
0.08725 -0.0702992 
0.087275 -0.0702993 
0.0873 -0.0702994 
0.087325 -0.0702995 
0.08735 -0.0702996 
0.087375 -0.0702997 
0.0874 -0.0702998 
0.087425 -0.0702999 
0.08745 -0.0703 
0.087475 -0.0703001 
0.0875 -0.0703003 
0.087525 -0.0703004 
0.08755 -0.0703005 
0.087575 -0.0703006 
0.0876 -0.0703007 
0.087625 -0.0703008 
0.08765 -0.070301 
0.087675 -0.0703011 
0.0877 -0.0703012 
0.087725 -0.0703013 
0.08775 -0.0703014 
0.087775 -0.0703015 
0.0878 -0.0703017 
0.087825 -0.0703018 
0.08785 -0.0703019 
0.087875 -0.070302 
0.0879 -0.0703021 
0.087925 -0.0703022 
0.08795 -0.0703023 
0.087975 -0.0703024 
0.088 -0.0703026 
0.088025 -0.0703027 
0.08805 -0.0703028 
0.088075 -0.0703029 
0.0881 -0.070303 
0.088125 -0.0703031 
0.08815 -0.0703032 
0.088175 -0.0703033 
0.0882 -0.0703034 
0.088225 -0.0703035 
0.08825 -0.0703036 
0.088275 -0.0703038 
0.0883 -0.0703039 
0.088325 -0.070304 
0.08835 -0.0703041 
0.088375 -0.0703042 
0.0884 -0.0703043 
0.088425 -0.0703044 
0.08845 -0.0703045 
0.088475 -0.0703046 
0.0885 -0.0703047 
0.088525 -0.0703048 
0.08855 -0.0703049 
0.088575 -0.070305 
0.0886 -0.0703051 
0.088625 -0.0703052 
0.08865 -0.0703053 
0.088675 -0.0703055 
0.0887 -0.0703056 
0.088725 -0.0703057 
0.08875 -0.0703058 
0.088775 -0.0703059 
0.0888 -0.070306 
0.088825 -0.0703061 
0.08885 -0.0703062 
0.088875 -0.0703063 
0.0889 -0.0703064 
0.088925 -0.0703065 
0.08895 -0.0703066 
0.088975 -0.0703067 
0.089 -0.0703068 
0.089025 -0.0703069 
0.08905 -0.070307 
0.089075 -0.0703071 
0.0891 -0.0703072 
0.089125 -0.0703073 
0.08915 -0.0703074 
0.089175 -0.0703075 
0.0892 -0.0703076 
0.089225 -0.0703077 
0.08925 -0.0703078 
0.089275 -0.0703079 
0.0893 -0.070308 
0.089325 -0.0703081 
0.08935 -0.0703082 
0.089375 -0.0703083 
0.0894 -0.0703084 
0.089425 -0.0703085 
0.08945 -0.0703086 
0.089475 -0.0703087 
0.0895 -0.0703088 
0.089525 -0.0703089 
0.08955 -0.070309 
0.089575 -0.0703091 
0.0896 -0.0703092 
0.089625 -0.0703093 
0.08965 -0.0703094 
0.089675 -0.0703095 
0.0897 -0.0703096 
0.089725 -0.0703097 
0.08975 -0.0703098 
0.089775 -0.0703099 
0.0898 -0.07031 
0.089825 -0.0703101 
0.08985 -0.0703102 
0.089875 -0.0703103 
0.0899 -0.0703104 
0.089925 -0.0703105 
0.08995 -0.0703106 
0.089975 -0.0703107 
0.09 -0.0703108 
0.090025 -0.0703109 
0.09005 -0.070311 
0.090075 -0.070311 
0.0901 -0.0703111 
0.090125 -0.0703112 
0.09015 -0.0703113 
0.090175 -0.0703114 
0.0902 -0.0703115 
0.090225 -0.0703116 
0.09025 -0.0703117 
0.090275 -0.0703118 
0.0903 -0.0703119 
0.090325 -0.070312 
0.09035 -0.0703121 
0.090375 -0.0703122 
0.0904 -0.0703123 
0.090425 -0.0703124 
0.09045 -0.0703125 
0.090475 -0.0703125 
0.0905 -0.0703126 
0.090525 -0.0703127 
0.09055 -0.0703128 
0.090575 -0.0703129 
0.0906 -0.070313 
0.090625 -0.0703131 
0.09065 -0.0703132 
0.090675 -0.0703133 
0.0907 -0.0703134 
0.090725 -0.0703135 
0.09075 -0.0703136 
0.090775 -0.0703136 
0.0908 -0.0703137 
0.090825 -0.0703138 
0.09085 -0.0703139 
0.090875 -0.070314 
0.0909 -0.0703141 
0.090925 -0.0703142 
0.09095 -0.0703143 
0.090975 -0.0703144 
0.091 -0.0703145 
0.091025 -0.0703145 
0.09105 -0.0703146 
0.091075 -0.0703147 
0.0911 -0.0703148 
0.091125 -0.0703149 
0.09115 -0.070315 
0.091175 -0.0703151 
0.0912 -0.0703152 
0.091225 -0.0703152 
0.09125 -0.0703153 
0.091275 -0.0703154 
0.0913 -0.0703155 
0.091325 -0.0703156 
0.09135 -0.0703157 
0.091375 -0.0703158 
0.0914 -0.0703159 
0.091425 -0.0703159 
0.09145 -0.070316 
0.091475 -0.0703161 
0.0915 -0.0703162 
0.091525 -0.0703163 
0.09155 -0.0703164 
0.091575 -0.0703165 
0.0916 -0.0703165 
0.091625 -0.0703166 
0.09165 -0.0703167 
0.091675 -0.0703168 
0.0917 -0.0703169 
0.091725 -0.070317 
0.09175 -0.0703171 
0.091775 -0.0703171 
0.0918 -0.0703172 
0.091825 -0.0703173 
0.09185 -0.0703174 
0.091875 -0.0703175 
0.0919 -0.0703176 
0.091925 -0.0703176 
0.09195 -0.0703177 
0.091975 -0.0703178 
0.092 -0.0703179 
0.092025 -0.070318 
0.09205 -0.0703181 
0.092075 -0.0703182 
0.0921 -0.0703182 
0.092125 -0.0703183 
0.09215 -0.0703184 
0.092175 -0.0703185 
0.0922 -0.0703186 
0.092225 -0.0703187 
0.09225 -0.0703188 
0.092275 -0.0703188 
0.0923 -0.0703189 
0.092325 -0.070319 
0.09235 -0.0703191 
0.092375 -0.0703192 
0.0924 -0.0703193 
0.092425 -0.0703194 
0.09245 -0.0703195 
0.092475 -0.0703195 
0.0925 -0.0703196 
0.092525 -0.0703197 
0.09255 -0.0703198 
0.092575 -0.0703199 
0.0926 -0.07032 
0.092625 -0.0703201 
0.09265 -0.0703201 
0.092675 -0.0703202 
0.0927 -0.0703203 
0.092725 -0.0703204 
0.09275 -0.0703205 
0.092775 -0.0703206 
0.0928 -0.0703206 
0.092825 -0.0703207 
0.09285 -0.0703208 
0.092875 -0.0703209 
0.0929 -0.070321 
0.092925 -0.0703211 
0.09295 -0.0703212 
0.092975 -0.0703212 
0.093 -0.0703213 
0.093025 -0.0703214 
0.09305 -0.0703215 
0.093075 -0.0703216 
0.0931 -0.0703216 
0.093125 -0.0703217 
0.09315 -0.0703218 
0.093175 -0.0703219 
0.0932 -0.070322 
0.093225 -0.0703221 
0.09325 -0.0703221 
0.093275 -0.0703222 
0.0933 -0.0703223 
0.093325 -0.0703224 
0.09335 -0.0703225 
0.093375 -0.0703225 
0.0934 -0.0703226 
0.093425 -0.0703227 
0.09345 -0.0703228 
0.093475 -0.0703229 
0.0935 -0.070323 
0.093525 -0.070323 
0.09355 -0.0703231 
0.093575 -0.0703232 
0.0936 -0.0703233 
0.093625 -0.0703234 
0.09365 -0.0703234 
0.093675 -0.0703235 
0.0937 -0.0703236 
0.093725 -0.0703237 
0.09375 -0.0703237 
0.093775 -0.0703238 
0.0938 -0.0703239 
0.093825 -0.070324 
0.09385 -0.0703241 
0.093875 -0.0703241 
0.0939 -0.0703242 
0.093925 -0.0703243 
0.09395 -0.0703244 
0.093975 -0.0703245 
0.094 -0.0703245 
0.094025 -0.0703246 
0.09405 -0.0703247 
0.094075 -0.0703248 
0.0941 -0.0703248 
0.094125 -0.0703249 
0.09415 -0.070325 
0.094175 -0.0703251 
0.0942 -0.0703251 
0.094225 -0.0703252 
0.09425 -0.0703253 
0.094275 -0.0703254 
0.0943 -0.0703254 
0.094325 -0.0703255 
0.09435 -0.0703256 
0.094375 -0.0703257 
0.0944 -0.0703258 
0.094425 -0.0703258 
0.09445 -0.0703259 
0.094475 -0.070326 
0.0945 -0.0703261 
0.094525 -0.0703261 
0.09455 -0.0703262 
0.094575 -0.0703263 
0.0946 -0.0703264 
0.094625 -0.0703264 
0.09465 -0.0703265 
0.094675 -0.0703266 
0.0947 -0.0703266 
0.094725 -0.0703267 
0.09475 -0.0703268 
0.094775 -0.0703269 
0.0948 -0.0703269 
0.094825 -0.070327 
0.09485 -0.0703271 
0.094875 -0.0703272 
0.0949 -0.0703272 
0.094925 -0.0703273 
0.09495 -0.0703274 
0.094975 -0.0703275 
0.095 -0.0703275 
0.095025 -0.0703276 
0.09505 -0.0703277 
0.095075 -0.0703277 
0.0951 -0.0703278 
0.095125 -0.0703279 
0.09515 -0.070328 
0.095175 -0.070328 
0.0952 -0.0703281 
0.095225 -0.0703282 
0.09525 -0.0703282 
0.095275 -0.0703283 
0.0953 -0.0703284 
0.095325 -0.0703285 
0.09535 -0.0703285 
0.095375 -0.0703286 
0.0954 -0.0703287 
0.095425 -0.0703287 
0.09545 -0.0703288 
0.095475 -0.0703289 
0.0955 -0.0703289 
0.095525 -0.070329 
0.09555 -0.0703291 
0.095575 -0.0703292 
0.0956 -0.0703292 
0.095625 -0.0703293 
0.09565 -0.0703294 
0.095675 -0.0703294 
0.0957 -0.0703295 
0.095725 -0.0703296 
0.09575 -0.0703296 
0.095775 -0.0703297 
0.0958 -0.0703298 
0.095825 -0.0703298 
0.09585 -0.0703299 
0.095875 -0.07033 
0.0959 -0.07033 
0.095925 -0.0703301 
0.09595 -0.0703302 
0.095975 -0.0703303 
0.096 -0.0703303 
0.096025 -0.0703304 
0.09605 -0.0703305 
0.096075 -0.0703305 
0.0961 -0.0703306 
0.096125 -0.0703307 
0.09615 -0.0703307 
0.096175 -0.0703308 
0.0962 -0.0703309 
0.096225 -0.0703309 
0.09625 -0.070331 
0.096275 -0.070331 
0.0963 -0.0703311 
0.096325 -0.0703312 
0.09635 -0.0703312 
0.096375 -0.0703313 
0.0964 -0.0703314 
0.096425 -0.0703314 
0.09645 -0.0703315 
0.096475 -0.0703316 
0.0965 -0.0703316 
0.096525 -0.0703317 
0.09655 -0.0703318 
0.096575 -0.0703318 
0.0966 -0.0703319 
0.096625 -0.070332 
0.09665 -0.070332 
0.096675 -0.0703321 
0.0967 -0.0703322 
0.096725 -0.0703322 
0.09675 -0.0703323 
0.096775 -0.0703324 
0.0968 -0.0703324 
0.096825 -0.0703325 
0.09685 -0.0703325 
0.096875 -0.0703326 
0.0969 -0.0703327 
0.096925 -0.0703327 
0.09695 -0.0703328 
0.096975 -0.0703329 
0.097 -0.0703329 
0.097025 -0.070333 
0.09705 -0.0703331 
0.097075 -0.0703331 
0.0971 -0.0703332 
0.097125 -0.0703333 
0.09715 -0.0703333 
0.097175 -0.0703334 
0.0972 -0.0703334 
0.097225 -0.0703335 
0.09725 -0.0703336 
0.097275 -0.0703336 
0.0973 -0.0703337 
0.097325 -0.0703338 
0.09735 -0.0703338 
0.097375 -0.0703339 
0.0974 -0.0703339 
0.097425 -0.070334 
0.09745 -0.0703341 
0.097475 -0.0703341 
0.0975 -0.0703342 
0.097525 -0.0703343 
0.09755 -0.0703343 
0.097575 -0.0703344 
0.0976 -0.0703344 
0.097625 -0.0703345 
0.09765 -0.0703346 
0.097675 -0.0703346 
0.0977 -0.0703347 
0.097725 -0.0703348 
0.09775 -0.0703348 
0.097775 -0.0703349 
0.0978 -0.0703349 
0.097825 -0.070335 
0.09785 -0.0703351 
0.097875 -0.0703351 
0.0979 -0.0703352 
0.097925 -0.0703352 
0.09795 -0.0703353 
0.097975 -0.0703354 
0.098 -0.0703354 
0.098025 -0.0703355 
0.09805 -0.0703355 
0.098075 -0.0703356 
0.0981 -0.0703357 
0.098125 -0.0703357 
0.09815 -0.0703358 
0.098175 -0.0703358 
0.0982 -0.0703359 
0.098225 -0.070336 
0.09825 -0.070336 
0.098275 -0.0703361 
0.0983 -0.0703361 
0.098325 -0.0703362 
0.09835 -0.0703362 
0.098375 -0.0703363 
0.0984 -0.0703364 
0.098425 -0.0703364 
0.09845 -0.0703365 
0.098475 -0.0703365 
0.0985 -0.0703366 
0.098525 -0.0703367 
0.09855 -0.0703367 
0.098575 -0.0703368 
0.0986 -0.0703368 
0.098625 -0.0703369 
0.09865 -0.0703369 
0.098675 -0.070337 
0.0987 -0.0703371 
0.098725 -0.0703371 
0.09875 -0.0703372 
0.098775 -0.0703372 
0.0988 -0.0703373 
0.098825 -0.0703373 
0.09885 -0.0703374 
0.098875 -0.0703375 
0.0989 -0.0703375 
0.098925 -0.0703376 
0.09895 -0.0703376 
0.098975 -0.0703377 
0.099 -0.0703377 
0.099025 -0.0703378 
0.09905 -0.0703378 
0.099075 -0.0703379 
0.0991 -0.070338 
0.099125 -0.070338 
0.09915 -0.0703381 
0.099175 -0.0703381 
0.0992 -0.0703382 
0.099225 -0.0703382 
0.09925 -0.0703383 
0.099275 -0.0703383 
0.0993 -0.0703384 
0.099325 -0.0703385 
0.09935 -0.0703385 
0.099375 -0.0703386 
0.0994 -0.0703386 
0.099425 -0.0703387 
0.09945 -0.0703387 
0.099475 -0.0703388 
0.0995 -0.0703388 
0.099525 -0.0703389 
0.09955 -0.0703389 
0.099575 -0.070339 
0.0996 -0.0703391 
0.099625 -0.0703391 
0.09965 -0.0703392 
0.099675 -0.0703392 
0.0997 -0.0703393 
0.099725 -0.0703393 
0.09975 -0.0703394 
0.099775 -0.0703394 
0.0998 -0.0703395 
0.099825 -0.0703395 
0.09985 -0.0703396 
0.099875 -0.0703396 
0.0999 -0.0703397 
0.099925 -0.0703398 
0.09995 -0.0703398 
0.099975 -0.0703399 
