0 -0.0668481 
2.5e-05 -0.0667409 
5e-05 -0.0666616 
7.5e-05 -0.0665917 
0.0001 -0.0665273 
0.000125 -0.0664669 
0.00015 -0.0664093 
0.000175 -0.0663537 
0.0002 -0.0662997 
0.000225 -0.0662469 
0.00025 -0.066195 
0.000275 -0.0661438 
0.0003 -0.0660932 
0.000325 -0.0660429 
0.00035 -0.065993 
0.000375 -0.0659433 
0.0004 -0.0658937 
0.000425 -0.0658443 
0.00045 -0.065795 
0.000475 -0.0657456 
0.0005 -0.0656963 
0.000525 -0.0656469 
0.00055 -0.0655975 
0.000575 -0.0655481 
0.0006 -0.0654985 
0.000625 -0.0654488 
0.00065 -0.065399 
0.000675 -0.0653491 
0.0007 -0.0652991 
0.000725 -0.0652489 
0.00075 -0.0651985 
0.000775 -0.065148 
0.0008 -0.0650973 
0.000825 -0.0650465 
0.00085 -0.0649955 
0.000875 -0.0649443 
0.0009 -0.0648929 
0.000925 -0.0648413 
0.00095 -0.0647895 
0.000975 -0.0647375 
0.001 -0.0646853 
0.001025 -0.0646329 
0.00105 -0.0645803 
0.001075 -0.0645275 
0.0011 -0.0644744 
0.001125 -0.0644212 
0.00115 -0.0643677 
0.001175 -0.0643139 
0.0012 -0.06426 
0.001225 -0.0642057 
0.00125 -0.0641513 
0.001275 -0.0640966 
0.0013 -0.0640417 
0.001325 -0.0639865 
0.00135 -0.063931 
0.001375 -0.0638753 
0.0014 -0.0638193 
0.001425 -0.063763 
0.00145 -0.0637064 
0.001475 -0.0636496 
0.0015 -0.0635925 
0.001525 -0.063535 
0.00155 -0.0634773 
0.001575 -0.0634192 
0.0016 -0.0633609 
0.001625 -0.0633022 
0.00165 -0.0632432 
0.001675 -0.0631838 
0.0017 -0.0631242 
0.001725 -0.0630641 
0.00175 -0.0630037 
0.001775 -0.062943 
0.0018 -0.0628818 
0.001825 -0.0628203 
0.00185 -0.0627584 
0.001875 -0.0626961 
0.0019 -0.0626334 
0.001925 -0.0625703 
0.00195 -0.0625067 
0.001975 -0.0624427 
0.002 -0.0623782 
0.002025 -0.0623133 
0.00205 -0.0622479 
0.002075 -0.0621819 
0.0021 -0.0621155 
0.002125 -0.0620485 
0.00215 -0.061981 
0.002175 -0.061913 
0.0022 -0.0618443 
0.002225 -0.0617751 
0.00225 -0.0617053 
0.002275 -0.0616348 
0.0023 -0.0615637 
0.002325 -0.0614919 
0.00235 -0.0614194 
0.002375 -0.0613462 
0.0024 -0.0612723 
0.002425 -0.0611976 
0.00245 -0.0611221 
0.002475 -0.0610458 
0.0025 -0.0609687 
0.002525 -0.0608907 
0.00255 -0.0608118 
0.002575 -0.060732 
0.0026 -0.0606512 
0.002625 -0.0605694 
0.00265 -0.0604865 
0.002675 -0.0604026 
0.0027 -0.0603175 
0.002725 -0.0602312 
0.00275 -0.0601437 
0.002775 -0.0600548 
0.0028 -0.0599646 
0.002825 -0.059873 
0.00285 -0.05978 
0.002875 -0.0596853 
0.0029 -0.0595891 
0.002925 -0.0594911 
0.00295 -0.0593914 
0.002975 -0.0592898 
0.003 -0.0591863 
0.003025 -0.0590806 
0.00305 -0.0589727 
0.003075 -0.0588624 
0.0031 -0.0587497 
0.003125 -0.0586344 
0.00315 -0.0585162 
0.003175 -0.0583952 
0.0032 -0.0582709 
0.003225 -0.0581433 
0.00325 -0.058012 
0.003275 -0.0578769 
0.0033 -0.0577376 
0.003325 -0.0575939 
0.00335 -0.0574452 
0.003375 -0.0572911 
0.0034 -0.0571313 
0.003425 -0.0569652 
0.00345 -0.056792 
0.003475 -0.0566113 
0.0035 -0.0564221 
0.003525 -0.0562235 
0.00355 -0.0560142 
0.003575 -0.0557928 
0.0036 -0.0555578 
0.003625 -0.055307 
0.00365 -0.0550377 
0.003675 -0.0547464 
0.0037 -0.0544287 
0.003725 -0.0540786 
0.00375 -0.0536877 
0.003775 -0.0532437 
0.0038 -0.0527273 
0.003825 -0.0521069 
0.00385 -0.0513224 
0.003875 -0.0502389 
0.0039 -0.0484949 
0.003925 -0.0455849 
0.00395 -0.0421698 
0.003975 -0.0383464 
0.004 -0.033445 
0.004025 -0.0264429 
0.00405 -0.0159966 
0.004075 -0.000432531 
0.0041 0.0191323 
0.004125 0.0305205 
0.00415 0.0340469 
0.004175 0.0350104 
0.0042 0.0350714 
0.004225 0.0348118 
0.00425 0.0344734 
0.004275 0.0340981 
0.0043 0.0336383 
0.004325 0.0330755 
0.00435 0.032432 
0.004375 0.0317358 
0.0044 0.0310062 
0.004425 0.0302541 
0.00445 0.0294859 
0.004475 0.0287045 
0.0045 0.0279119 
0.004525 0.0271097 
0.00455 0.0263002 
0.004575 0.0254861 
0.0046 0.0246706 
0.004625 0.0238564 
0.00465 0.0230457 
0.004675 0.0222405 
0.0047 0.0214421 
0.004725 0.0206516 
0.00475 0.0198697 
0.004775 0.019097 
0.0048 0.0183339 
0.004825 0.0175807 
0.00485 0.0168376 
0.004875 0.0161045 
0.0049 0.0153818 
0.004925 0.0146694 
0.00495 0.0139673 
0.004975 0.0132753 
0.005 0.0125932 
0.005025 0.0119208 
0.00505 0.0112577 
0.005075 0.0106036 
0.0051 0.00995806 
0.005125 0.00932063 
0.00515 0.00869079 
0.005175 0.00806806 
0.0052 0.00745182 
0.005225 0.00684159 
0.00525 0.00623664 
0.005275 0.00563638 
0.0053 0.00504007 
0.005325 0.00444695 
0.00535 0.00385622 
0.005375 0.00326689 
0.0054 0.00267795 
0.005425 0.00208862 
0.00545 0.00149802 
0.005475 0.000905619 
0.0055 0.000311338 
0.005525 -0.000284074 
0.00555 -0.000879644 
0.005575 -0.00147317 
0.0056 -0.00206249 
0.005625 -0.00264464 
0.00565 -0.00321683 
0.005675 -0.00377668 
0.0057 -0.00432224 
0.005725 -0.00485188 
0.00575 -0.00536548 
0.005775 -0.00586232 
0.0058 -0.00634253 
0.005825 -0.00680521 
0.00585 -0.0072522 
0.005875 -0.00768372 
0.0059 -0.00810065 
0.005925 -0.00850398 
0.00595 -0.00889424 
0.005975 -0.00927193 
0.006 -0.00963791 
0.006025 -0.00999307 
0.00605 -0.0103378 
0.006075 -0.0106729 
0.0061 -0.0109986 
0.006125 -0.0113153 
0.00615 -0.0116237 
0.006175 -0.0119241 
0.0062 -0.0122169 
0.006225 -0.0125026 
0.00625 -0.0127817 
0.006275 -0.0130544 
0.0063 -0.0133213 
0.006325 -0.0135826 
0.00635 -0.0138388 
0.006375 -0.0140898 
0.0064 -0.0143359 
0.006425 -0.014578 
0.00645 -0.0148159 
0.006475 -0.0150499 
0.0065 -0.0152801 
0.006525 -0.0155069 
0.00655 -0.0157306 
0.006575 -0.0159511 
0.0066 -0.0161688 
0.006625 -0.0163834 
0.00665 -0.0165954 
0.006675 -0.0168049 
0.0067 -0.0170119 
0.006725 -0.0172166 
0.00675 -0.0174188 
0.006775 -0.0176185 
0.0068 -0.017816 
0.006825 -0.0180116 
0.00685 -0.0182054 
0.006875 -0.0183972 
0.0069 -0.0185869 
0.006925 -0.0187746 
0.00695 -0.0189604 
0.006975 -0.0191444 
0.007 -0.0193266 
0.007025 -0.0195069 
0.00705 -0.0196854 
0.007075 -0.0198622 
0.0071 -0.0200369 
0.007125 -0.02021 
0.00715 -0.0203811 
0.007175 -0.0205499 
0.0072 -0.0207171 
0.007225 -0.0208827 
0.00725 -0.0210459 
0.007275 -0.0212069 
0.0073 -0.0213661 
0.007325 -0.021523 
0.00735 -0.0216778 
0.007375 -0.0218301 
0.0074 -0.02198 
0.007425 -0.0221275 
0.00745 -0.0222724 
0.007475 -0.0224148 
0.0075 -0.0225544 
0.007525 -0.0226912 
0.00755 -0.0228249 
0.007575 -0.0229555 
0.0076 -0.0230829 
0.007625 -0.0232068 
0.00765 -0.0233271 
0.007675 -0.0234437 
0.0077 -0.0235563 
0.007725 -0.0236645 
0.00775 -0.0237679 
0.007775 -0.0238661 
0.0078 -0.0239585 
0.007825 -0.0240446 
0.00785 -0.024124 
0.007875 -0.0241952 
0.0079 -0.024257 
0.007925 -0.0243079 
0.00795 -0.0243456 
0.007975 -0.0243673 
0.008 -0.0243692 
0.008025 -0.024345 
0.00805 -0.0242852 
0.008075 -0.0241752 
0.0081 -0.0239899 
0.008125 -0.0236829 
0.00815 -0.0231681 
0.008175 -0.0223511 
0.0082 -0.0213429 
0.008225 -0.0203828 
0.00825 -0.0195674 
0.008275 -0.0188914 
0.0083 -0.0183337 
0.008325 -0.0178784 
0.00835 -0.0175159 
0.008375 -0.0172384 
0.0084 -0.0170392 
0.008425 -0.0169121 
0.00845 -0.0168502 
0.008475 -0.0168459 
0.0085 -0.016894 
0.008525 -0.0169922 
0.00855 -0.0171372 
0.008575 -0.0173245 
0.0086 -0.017549 
0.008625 -0.0178057 
0.00865 -0.0180908 
0.008675 -0.0184004 
0.0087 -0.0187306 
0.008725 -0.0190785 
0.00875 -0.0194412 
0.008775 -0.0198164 
0.0088 -0.020202 
0.008825 -0.0205963 
0.00885 -0.0209976 
0.008875 -0.0214048 
0.0089 -0.0218169 
0.008925 -0.0222328 
0.00895 -0.022652 
0.008975 -0.0230739 
0.009 -0.0234983 
0.009025 -0.0239247 
0.00905 -0.0243533 
0.009075 -0.0247844 
0.0091 -0.0252182 
0.009125 -0.0256553 
0.00915 -0.0260964 
0.009175 -0.0265423 
0.0092 -0.026994 
0.009225 -0.0274528 
0.00925 -0.0279197 
0.009275 -0.0283965 
0.0093 -0.0288839 
0.009325 -0.0293833 
0.00935 -0.0298957 
0.009375 -0.0304214 
0.0094 -0.0309596 
0.009425 -0.0315075 
0.00945 -0.0320605 
0.009475 -0.0326119 
0.0095 -0.0331538 
0.009525 -0.0336785 
0.00955 -0.0341787 
0.009575 -0.0346493 
0.0096 -0.0350875 
0.009625 -0.0354921 
0.00965 -0.0358633 
0.009675 -0.0362025 
0.0097 -0.0365115 
0.009725 -0.0367925 
0.00975 -0.0370478 
0.009775 -0.0372796 
0.0098 -0.0374905 
0.009825 -0.0376823 
0.00985 -0.037857 
0.009875 -0.0380165 
0.0099 -0.038162 
0.009925 -0.0382948 
0.00995 -0.0384159 
0.009975 -0.0385263 
0.01 -0.0386264 
0.010025 -0.0387169 
0.01005 -0.0387982 
0.010075 -0.0388708 
0.0101 -0.0389351 
0.010125 -0.0389916 
0.01015 -0.0390407 
0.010175 -0.0390828 
0.0102 -0.0391184 
0.010225 -0.0391478 
0.01025 -0.0391717 
0.010275 -0.0391902 
0.0103 -0.0392036 
0.010325 -0.0392127 
0.01035 -0.0392175 
0.010375 -0.0392182 
0.0104 -0.0392149 
0.010425 -0.0392078 
0.01045 -0.0391972 
0.010475 -0.0391825 
0.0105 -0.0391643 
0.010525 -0.0391431 
0.01055 -0.0391185 
0.010575 -0.0390909 
0.0106 -0.0390603 
0.010625 -0.0390269 
0.01065 -0.0389907 
0.010675 -0.0389516 
0.0107 -0.03891 
0.010725 -0.0388657 
0.01075 -0.0388189 
0.010775 -0.0387695 
0.0108 -0.0387175 
0.010825 -0.0386631 
0.01085 -0.0386063 
0.010875 -0.038547 
0.0109 -0.0384853 
0.010925 -0.038421 
0.01095 -0.0383542 
0.010975 -0.038285 
0.011 -0.0382131 
0.011025 -0.0381387 
0.01105 -0.0380617 
0.011075 -0.037982 
0.0111 -0.0378996 
0.011125 -0.0378143 
0.01115 -0.0377261 
0.011175 -0.037635 
0.0112 -0.0375408 
0.011225 -0.0374435 
0.01125 -0.0373429 
0.011275 -0.0372389 
0.0113 -0.037131 
0.011325 -0.0370194 
0.01135 -0.0369037 
0.011375 -0.0367839 
0.0114 -0.0366594 
0.011425 -0.0365301 
0.01145 -0.0363957 
0.011475 -0.0362559 
0.0115 -0.0361102 
0.011525 -0.0359583 
0.01155 -0.0357995 
0.011575 -0.0356334 
0.0116 -0.0354591 
0.011625 -0.0352761 
0.01165 -0.0350835 
0.011675 -0.0348802 
0.0117 -0.0346648 
0.011725 -0.0344358 
0.01175 -0.0341915 
0.011775 -0.0339296 
0.0118 -0.0336474 
0.011825 -0.0333415 
0.01185 -0.0330072 
0.011875 -0.0326387 
0.0119 -0.0322276 
0.011925 -0.031762 
0.01195 -0.0312247 
0.011975 -0.0305862 
0.012 -0.0297973 
0.012025 -0.0287639 
0.01205 -0.0272986 
0.012075 -0.0252013 
0.0121 -0.0228161 
0.012125 -0.0204801 
0.01215 -0.0181714 
0.012175 -0.015873 
0.0122 -0.0136089 
0.012225 -0.0114283 
0.01225 -0.00939147 
0.012275 -0.00755994 
0.0123 -0.00598507 
0.012325 -0.00469799 
0.01235 -0.00370638 
0.012375 -0.00299659 
0.0124 -0.00254032 
0.012425 -0.0023033 
0.01245 -0.00225133 
0.012475 -0.00235178 
0.0125 -0.00257491 
0.012525 -0.00289569 
0.01255 -0.00329351 
0.012575 -0.00375215 
0.0126 -0.00425893 
0.012625 -0.00480302 
0.01265 -0.00537633 
0.012675 -0.00597293 
0.0127 -0.00658784 
0.012725 -0.00721732 
0.01275 -0.00785825 
0.012775 -0.00850823 
0.0128 -0.00916559 
0.012825 -0.00982868 
0.01285 -0.0104966 
0.012875 -0.0111685 
0.0129 -0.0118443 
0.012925 -0.0125231 
0.01295 -0.0132047 
0.012975 -0.013889 
0.013 -0.0145763 
0.013025 -0.0152666 
0.01305 -0.0159603 
0.013075 -0.0166579 
0.0131 -0.0173599 
0.013125 -0.0180675 
0.01315 -0.0187815 
0.013175 -0.0195032 
0.0132 -0.020234 
0.013225 -0.0209759 
0.01325 -0.0217312 
0.013275 -0.0225015 
0.0133 -0.0232899 
0.013325 -0.0240994 
0.01335 -0.0249335 
0.013375 -0.0257961 
0.0134 -0.0266903 
0.013425 -0.0276182 
0.01345 -0.0285802 
0.013475 -0.0295734 
0.0135 -0.0305912 
0.013525 -0.0316231 
0.01355 -0.0326561 
0.013575 -0.0336766 
0.0136 -0.0346711 
0.013625 -0.0356293 
0.01365 -0.0365435 
0.013675 -0.0374091 
0.0137 -0.0382237 
0.013725 -0.0389869 
0.01375 -0.0396994 
0.013775 -0.0403626 
0.0138 -0.0409787 
0.013825 -0.0415502 
0.01385 -0.0420798 
0.013875 -0.0425698 
0.0139 -0.0430229 
0.013925 -0.0434414 
0.01395 -0.0438276 
0.013975 -0.0441838 
0.014 -0.0445118 
0.014025 -0.0448137 
0.01405 -0.0450915 
0.014075 -0.0453468 
0.0141 -0.0455815 
0.014125 -0.0457975 
0.01415 -0.0459961 
0.014175 -0.0461788 
0.0142 -0.0463471 
0.014225 -0.0465021 
0.01425 -0.0466451 
0.014275 -0.0467769 
0.0143 -0.0468985 
0.014325 -0.0470107 
0.01435 -0.0471142 
0.014375 -0.0472097 
0.0144 -0.0472978 
0.014425 -0.047379 
0.01445 -0.0474537 
0.014475 -0.0475226 
0.0145 -0.0475859 
0.014525 -0.047644 
0.01455 -0.0476974 
0.014575 -0.0477463 
0.0146 -0.047791 
0.014625 -0.0478319 
0.01465 -0.0478691 
0.014675 -0.0479028 
0.0147 -0.0479334 
0.014725 -0.047961 
0.01475 -0.0479858 
0.014775 -0.0480078 
0.0148 -0.0480275 
0.014825 -0.0480447 
0.01485 -0.0480597 
0.014875 -0.0480728 
0.0149 -0.0480838 
0.014925 -0.0480927 
0.01495 -0.0480997 
0.014975 -0.0481051 
0.015 -0.0481093 
0.015025 -0.0481119 
0.01505 -0.0481131 
0.015075 -0.0481129 
0.0151 -0.0481113 
0.015125 -0.0481084 
0.01515 -0.0481043 
0.015175 -0.048099 
0.0152 -0.0480921 
0.015225 -0.0480837 
0.01525 -0.0480741 
0.015275 -0.0480636 
0.0153 -0.0480522 
0.015325 -0.0480397 
0.01535 -0.048026 
0.015375 -0.0480114 
0.0154 -0.0479961 
0.015425 -0.0479796 
0.01545 -0.047962 
0.015475 -0.0479438 
0.0155 -0.0479243 
0.015525 -0.0479041 
0.01555 -0.0478829 
0.015575 -0.0478606 
0.0156 -0.0478376 
0.015625 -0.0478135 
0.01565 -0.0477886 
0.015675 -0.0477626 
0.0157 -0.0477358 
0.015725 -0.0477079 
0.01575 -0.0476791 
0.015775 -0.0476493 
0.0158 -0.0476185 
0.015825 -0.0475868 
0.01585 -0.0475539 
0.015875 -0.0475201 
0.0159 -0.0474852 
0.015925 -0.0474491 
0.01595 -0.0474118 
0.015975 -0.0473734 
0.016 -0.0473337 
0.016025 -0.0472927 
0.01605 -0.0472504 
0.016075 -0.0472068 
0.0161 -0.0471618 
0.016125 -0.0471153 
0.01615 -0.0470672 
0.016175 -0.0470174 
0.0162 -0.046966 
0.016225 -0.0469128 
0.01625 -0.0468577 
0.016275 -0.0468007 
0.0163 -0.0467415 
0.016325 -0.0466801 
0.01635 -0.0466162 
0.016375 -0.0465498 
0.0164 -0.0464807 
0.016425 -0.0464088 
0.01645 -0.0463339 
0.016475 -0.0462556 
0.0165 -0.0461738 
0.016525 -0.0460881 
0.01655 -0.0459983 
0.016575 -0.0459039 
0.0166 -0.0458048 
0.016625 -0.0457002 
0.01665 -0.0455898 
0.016675 -0.0454729 
0.0167 -0.0453486 
0.016725 -0.045216 
0.01675 -0.0450745 
0.016775 -0.0449228 
0.0168 -0.0447595 
0.016825 -0.0445826 
0.01685 -0.0443901 
0.016875 -0.0441791 
0.0169 -0.0439464 
0.016925 -0.0436869 
0.01695 -0.0433948 
0.016975 -0.0430614 
0.017 -0.042674 
0.017025 -0.0422131 
0.01705 -0.0416463 
0.017075 -0.0409126 
0.0171 -0.039883 
0.017125 -0.0382469 
0.01715 -0.0356968 
0.017175 -0.0328241 
0.0172 -0.0297384 
0.017225 -0.0261733 
0.01725 -0.0218851 
0.017275 -0.0166797 
0.0173 -0.010465 
0.017325 -0.00341001 
0.01735 0.00374745 
0.017375 0.00975413 
0.0174 0.0138143 
0.017425 0.0161133 
0.01745 0.0172268 
0.017475 0.0176309 
0.0175 0.0176248 
0.017525 0.0173816 
0.01755 0.0169974 
0.017575 0.0165244 
0.0176 0.0159907 
0.017625 0.0154116 
0.01765 0.0147969 
0.017675 0.0141534 
0.0177 0.0134869 
0.017725 0.0128022 
0.01775 0.0121037 
0.017775 0.011395 
0.0178 0.0106792 
0.017825 0.00995901 
0.01785 0.00923654 
0.017875 0.00851347 
0.0179 0.00779116 
0.017925 0.00707056 
0.01795 0.00635236 
0.017975 0.00563725 
0.018 0.00492542 
0.018025 0.00421697 
0.01805 0.00351206 
0.018075 0.0028107 
0.0181 0.00211262 
0.018125 0.00141739 
0.01815 0.000724727 
0.018175 3.42619e-05 
0.0182 -0.000654469 
0.018225 -0.00134207 
0.01825 -0.00202919 
0.018275 -0.0027166 
0.0183 -0.00340521 
0.018325 -0.00409626 
0.01835 -0.00479066 
0.018375 -0.0054896 
0.0184 -0.00619499 
0.018425 -0.0069085 
0.01845 -0.00763238 
0.018475 -0.00836906 
0.0185 -0.00912119 
0.018525 -0.00989291 
0.01855 -0.0106879 
0.018575 -0.0115107 
0.0186 -0.012365 
0.018625 -0.0132551 
0.01865 -0.0141833 
0.018675 -0.0151509 
0.0187 -0.0161561 
0.018725 -0.0171964 
0.01875 -0.0182664 
0.018775 -0.0193614 
0.0188 -0.0204764 
0.018825 -0.0216077 
0.01885 -0.0227519 
0.018875 -0.0239073 
0.0189 -0.0250724 
0.018925 -0.0262456 
0.01895 -0.0274248 
0.018975 -0.0286084 
0.019 -0.0297935 
0.019025 -0.0309766 
0.01905 -0.0321538 
0.019075 -0.0333209 
0.0191 -0.0344731 
0.019125 -0.0356053 
0.01915 -0.0367126 
0.019175 -0.0377904 
0.0192 -0.038834 
0.019225 -0.0398393 
0.01925 -0.0408033 
0.019275 -0.0417238 
0.0193 -0.042599 
0.019325 -0.0434276 
0.01935 -0.0442094 
0.019375 -0.0449448 
0.0194 -0.0456346 
0.019425 -0.0462801 
0.01945 -0.046883 
0.019475 -0.0474454 
0.0195 -0.0479694 
0.019525 -0.0484576 
0.01955 -0.048912 
0.019575 -0.049335 
0.0196 -0.0497288 
0.019625 -0.0500956 
0.01965 -0.0504376 
0.019675 -0.0507566 
0.0197 -0.0510544 
0.019725 -0.0513328 
0.01975 -0.0515934 
0.019775 -0.0518375 
0.0198 -0.0520666 
0.019825 -0.0522818 
0.01985 -0.0524843 
0.019875 -0.0526751 
0.0199 -0.0528552 
0.019925 -0.0530255 
0.01995 -0.0531866 
0.019975 -0.0533393 
0.02 -0.0534842 
0.020025 -0.0536221 
0.02005 -0.0537533 
0.020075 -0.0538785 
0.0201 -0.053998 
0.020125 -0.0541123 
0.02015 -0.0542219 
0.020175 -0.0543269 
0.0202 -0.0544278 
0.020225 -0.0545248 
0.02025 -0.0546182 
0.020275 -0.0547083 
0.0203 -0.0547953 
0.020325 -0.0548794 
0.02035 -0.0549609 
0.020375 -0.0550398 
0.0204 -0.0551165 
0.020425 -0.0551909 
0.02045 -0.0552633 
0.020475 -0.0553338 
0.0205 -0.0554026 
0.020525 -0.0554697 
0.02055 -0.0555352 
0.020575 -0.0555993 
0.0206 -0.055662 
0.020625 -0.0557235 
0.02065 -0.0557838 
0.020675 -0.055843 
0.0207 -0.0559012 
0.020725 -0.0559584 
0.02075 -0.0560147 
0.020775 -0.0560701 
0.0208 -0.0561248 
0.020825 -0.0561788 
0.02085 -0.056232 
0.020875 -0.0562846 
0.0209 -0.0563366 
0.020925 -0.0563881 
0.02095 -0.056439 
0.020975 -0.0564895 
0.021 -0.0565394 
0.021025 -0.056589 
0.02105 -0.0566382 
0.021075 -0.056687 
0.0211 -0.0567355 
0.021125 -0.0567837 
0.02115 -0.0568316 
0.021175 -0.0568793 
0.0212 -0.0569268 
0.021225 -0.056974 
0.02125 -0.0570211 
0.021275 -0.0570679 
0.0213 -0.0571147 
0.021325 -0.0571612 
0.02135 -0.0572077 
0.021375 -0.0572541 
0.0214 -0.0573003 
0.021425 -0.0573465 
0.02145 -0.0573927 
0.021475 -0.0574388 
0.0215 -0.0574848 
0.021525 -0.0575308 
0.02155 -0.0575767 
0.021575 -0.0576227 
0.0216 -0.0576687 
0.021625 -0.0577147 
0.02165 -0.0577607 
0.021675 -0.0578067 
0.0217 -0.0578528 
0.021725 -0.0578989 
0.02175 -0.0579451 
0.021775 -0.0579913 
0.0218 -0.0580376 
0.021825 -0.058084 
0.02185 -0.0581304 
0.021875 -0.0581769 
0.0219 -0.0582235 
0.021925 -0.0582702 
0.02195 -0.0583169 
0.021975 -0.0583638 
0.022 -0.0584107 
0.022025 -0.0584578 
0.02205 -0.058505 
0.022075 -0.0585523 
0.0221 -0.0585997 
0.022125 -0.0586471 
0.02215 -0.0586947 
0.022175 -0.0587425 
0.0222 -0.0587903 
0.022225 -0.0588383 
0.02225 -0.0588863 
0.022275 -0.0589345 
0.0223 -0.0589828 
0.022325 -0.0590313 
0.02235 -0.0590798 
0.022375 -0.0591285 
0.0224 -0.0591773 
0.022425 -0.0592263 
0.02245 -0.0592754 
0.022475 -0.0593245 
0.0225 -0.0593739 
0.022525 -0.0594233 
0.02255 -0.0594728 
0.022575 -0.0595225 
0.0226 -0.0595723 
0.022625 -0.0596222 
0.02265 -0.0596722 
0.022675 -0.0597224 
0.0227 -0.0597727 
0.022725 -0.059823 
0.02275 -0.0598735 
0.022775 -0.0599241 
0.0228 -0.0599748 
0.022825 -0.0600257 
0.02285 -0.0600766 
0.022875 -0.0601276 
0.0229 -0.0601787 
0.022925 -0.06023 
0.02295 -0.0602813 
0.022975 -0.0603327 
0.023 -0.0603842 
0.023025 -0.0604358 
0.02305 -0.0604875 
0.023075 -0.0605392 
0.0231 -0.0605911 
0.023125 -0.060643 
0.02315 -0.060695 
0.023175 -0.0607471 
0.0232 -0.0607992 
0.023225 -0.0608514 
0.02325 -0.0609037 
0.023275 -0.060956 
0.0233 -0.0610083 
0.023325 -0.0610608 
0.02335 -0.0611132 
0.023375 -0.0611658 
0.0234 -0.0612184 
0.023425 -0.061271 
0.02345 -0.0613236 
0.023475 -0.0613763 
0.0235 -0.061429 
0.023525 -0.0614817 
0.02355 -0.0615345 
0.023575 -0.0615873 
0.0236 -0.0616402 
0.023625 -0.061693 
0.02365 -0.0617458 
0.023675 -0.0617987 
0.0237 -0.0618516 
0.023725 -0.0619044 
0.02375 -0.0619573 
0.023775 -0.0620102 
0.0238 -0.062063 
0.023825 -0.0621159 
0.02385 -0.0621688 
0.023875 -0.0622216 
0.0239 -0.0622744 
0.023925 -0.0623272 
0.02395 -0.06238 
0.023975 -0.0624328 
0.024 -0.0624855 
0.024025 -0.0625382 
0.02405 -0.0625909 
0.024075 -0.0626435 
0.0241 -0.0626961 
0.024125 -0.0627487 
0.02415 -0.0628012 
0.024175 -0.0628537 
0.0242 -0.0629061 
0.024225 -0.0629584 
0.02425 -0.0630108 
0.024275 -0.063063 
0.0243 -0.0631152 
0.024325 -0.0631674 
0.02435 -0.0632195 
0.024375 -0.0632715 
0.0244 -0.0633234 
0.024425 -0.0633753 
0.02445 -0.0634271 
0.024475 -0.0634788 
0.0245 -0.0635305 
0.024525 -0.063582 
0.02455 -0.0636335 
0.024575 -0.063685 
0.0246 -0.0637363 
0.024625 -0.0637875 
0.02465 -0.0638387 
0.024675 -0.0638898 
0.0247 -0.0639407 
0.024725 -0.0639916 
0.02475 -0.0640424 
0.024775 -0.0640931 
0.0248 -0.0641437 
0.024825 -0.0641942 
0.02485 -0.0642446 
0.024875 -0.0642949 
0.0249 -0.0643451 
0.024925 -0.0643952 
0.02495 -0.0644452 
0.024975 -0.0644951 
0.025 -0.0645449 
0.025025 -0.0645945 
0.02505 -0.0646441 
0.025075 -0.0646935 
0.0251 -0.0647428 
0.025125 -0.064792 
0.02515 -0.0648411 
0.025175 -0.0648901 
0.0252 -0.0649389 
0.025225 -0.0649877 
0.02525 -0.0650363 
0.025275 -0.0650848 
0.0253 -0.0651332 
0.025325 -0.0651814 
0.02535 -0.0652295 
0.025375 -0.0652775 
0.0254 -0.0653254 
0.025425 -0.0653732 
0.02545 -0.0654208 
0.025475 -0.0654683 
0.0255 -0.0655156 
0.025525 -0.0655629 
0.02555 -0.06561 
0.025575 -0.0656569 
0.0256 -0.0657038 
0.025625 -0.0657505 
0.02565 -0.0657971 
0.025675 -0.0658435 
0.0257 -0.0658899 
0.025725 -0.065936 
0.02575 -0.0659821 
0.025775 -0.066028 
0.0258 -0.0660738 
0.025825 -0.0661194 
0.02585 -0.0661649 
0.025875 -0.0662103 
0.0259 -0.0662555 
0.025925 -0.0663006 
0.02595 -0.0663456 
0.025975 -0.0663904 
0.026 -0.0664351 
0.026025 -0.0664796 
0.02605 -0.066524 
0.026075 -0.0665682 
0.0261 -0.0666124 
0.026125 -0.0666563 
0.02615 -0.0667002 
0.026175 -0.0667439 
0.0262 -0.0667874 
0.026225 -0.0668308 
0.02625 -0.0668741 
0.026275 -0.0669172 
0.0263 -0.0669602 
0.026325 -0.067003 
0.02635 -0.0670457 
0.026375 -0.0670883 
0.0264 -0.0671307 
0.026425 -0.067173 
0.02645 -0.0672151 
0.026475 -0.0672571 
0.0265 -0.0672989 
0.026525 -0.0673406 
0.02655 -0.0673822 
0.026575 -0.0674236 
0.0266 -0.0674648 
0.026625 -0.067506 
0.02665 -0.067547 
0.026675 -0.0675878 
0.0267 -0.0676285 
0.026725 -0.0676691 
0.02675 -0.0677095 
0.026775 -0.0677498 
0.0268 -0.0677899 
0.026825 -0.0678299 
0.02685 -0.0678697 
0.026875 -0.0679094 
0.0269 -0.0679489 
0.026925 -0.0679884 
0.02695 -0.0680276 
0.026975 -0.0680668 
0.027 -0.0681057 
0.027025 -0.0681446 
0.02705 -0.0681833 
0.027075 -0.0682218 
0.0271 -0.0682602 
0.027125 -0.0682985 
0.02715 -0.0683366 
0.027175 -0.0683746 
0.0272 -0.0684125 
0.027225 -0.0684502 
0.02725 -0.0684877 
0.027275 -0.0685251 
0.0273 -0.0685624 
0.027325 -0.0685995 
0.02735 -0.0686365 
0.027375 -0.0686734 
0.0274 -0.0687101 
0.027425 -0.0687466 
0.02745 -0.0687831 
0.027475 -0.0688194 
0.0275 -0.0688555 
0.027525 -0.0688915 
0.02755 -0.0689274 
0.027575 -0.0689631 
0.0276 -0.0689987 
0.027625 -0.0690341 
0.02765 -0.0690694 
0.027675 -0.0691046 
0.0277 -0.0691396 
0.027725 -0.0691745 
0.02775 -0.0692092 
0.027775 -0.0692438 
0.0278 -0.0692783 
0.027825 -0.0693126 
0.02785 -0.0693468 
0.027875 -0.0693809 
0.0279 -0.0694148 
0.027925 -0.0694485 
0.02795 -0.0694822 
0.027975 -0.0695157 
0.028 -0.069549 
0.028025 -0.0695823 
0.02805 -0.0696153 
0.028075 -0.0696483 
0.0281 -0.0696811 
0.028125 -0.0697138 
0.02815 -0.0697463 
0.028175 -0.0697787 
0.0282 -0.069811 
0.028225 -0.0698431 
0.02825 -0.0698751 
0.028275 -0.069907 
0.0283 -0.0699387 
0.028325 -0.0699703 
0.02835 -0.0700018 
0.028375 -0.0700331 
0.0284 -0.0700643 
0.028425 -0.0700954 
0.02845 -0.0701263 
0.028475 -0.0701571 
0.0285 -0.0701877 
0.028525 -0.0702183 
0.02855 -0.0702487 
0.028575 -0.0702789 
0.0286 -0.070309 
0.028625 -0.070339 
0.02865 -0.0703689 
0.028675 -0.0703987 
0.0287 -0.0704283 
0.028725 -0.0704577 
0.02875 -0.0704871 
0.028775 -0.0705163 
0.0288 -0.0705454 
0.028825 -0.0705743 
0.02885 -0.0706031 
0.028875 -0.0706318 
0.0289 -0.0706604 
0.028925 -0.0706888 
0.02895 -0.0707171 
0.028975 -0.0707453 
0.029 -0.0707733 
0.029025 -0.0708013 
0.02905 -0.070829 
0.029075 -0.0708567 
0.0291 -0.0708842 
0.029125 -0.0709116 
0.02915 -0.0709389 
0.029175 -0.0709661 
0.0292 -0.0709931 
0.029225 -0.07102 
0.02925 -0.0710468 
0.029275 -0.0710734 
0.0293 -0.0710999 
0.029325 -0.0711263 
0.02935 -0.0711526 
0.029375 -0.0711787 
0.0294 -0.0712048 
0.029425 -0.0712307 
0.02945 -0.0712564 
0.029475 -0.0712821 
0.0295 -0.0713076 
0.029525 -0.071333 
0.02955 -0.0713583 
0.029575 -0.0713834 
0.0296 -0.0714085 
0.029625 -0.0714334 
0.02965 -0.0714582 
0.029675 -0.0714828 
0.0297 -0.0715074 
0.029725 -0.0715318 
0.02975 -0.0715561 
0.029775 -0.0715803 
0.0298 -0.0716043 
0.029825 -0.0716283 
0.02985 -0.0716521 
0.029875 -0.0716758 
0.0299 -0.0716994 
0.029925 -0.0717228 
0.02995 -0.0717462 
0.029975 -0.0717694 
0.03 -0.0717925 
0.030025 -0.0718155 
0.03005 -0.0718383 
0.030075 -0.0718611 
0.0301 -0.0718837 
0.030125 -0.0719062 
0.03015 -0.0719286 
0.030175 -0.0719509 
0.0302 -0.071973 
0.030225 -0.0719951 
0.03025 -0.072017 
0.030275 -0.0720388 
0.0303 -0.0720605 
0.030325 -0.0720821 
0.03035 -0.0721035 
0.030375 -0.0721249 
0.0304 -0.0721461 
0.030425 -0.0721672 
0.03045 -0.0721882 
0.030475 -0.0722091 
0.0305 -0.0722298 
0.030525 -0.0722505 
0.03055 -0.072271 
0.030575 -0.0722915 
0.0306 -0.0723118 
0.030625 -0.072332 
0.03065 -0.0723521 
0.030675 -0.072372 
0.0307 -0.0723919 
0.030725 -0.0724117 
0.03075 -0.0724313 
0.030775 -0.0724508 
0.0308 -0.0724702 
0.030825 -0.0724895 
0.03085 -0.0725087 
0.030875 -0.0725278 
0.0309 -0.0725468 
0.030925 -0.0725656 
0.03095 -0.0725844 
0.030975 -0.072603 
0.031 -0.0726216 
0.031025 -0.07264 
0.03105 -0.0726583 
0.031075 -0.0726765 
0.0311 -0.0726946 
0.031125 -0.0727126 
0.03115 -0.0727305 
0.031175 -0.0727482 
0.0312 -0.0727659 
0.031225 -0.0727834 
0.03125 -0.0728009 
0.031275 -0.0728182 
0.0313 -0.0728355 
0.031325 -0.0728526 
0.03135 -0.0728696 
0.031375 -0.0728865 
0.0314 -0.0729033 
0.031425 -0.07292 
0.03145 -0.0729366 
0.031475 -0.0729531 
0.0315 -0.0729695 
0.031525 -0.0729858 
0.03155 -0.0730019 
0.031575 -0.073018 
0.0316 -0.073034 
0.031625 -0.0730498 
0.03165 -0.0730656 
0.031675 -0.0730812 
0.0317 -0.0730968 
0.031725 -0.0731122 
0.03175 -0.0731276 
0.031775 -0.0731428 
0.0318 -0.073158 
0.031825 -0.073173 
0.03185 -0.0731879 
0.031875 -0.0732028 
0.0319 -0.0732175 
0.031925 -0.0732321 
0.03195 -0.0732467 
0.031975 -0.0732611 
0.032 -0.0732754 
0.032025 -0.0732896 
0.03205 -0.0733038 
0.032075 -0.0733178 
0.0321 -0.0733317 
0.032125 -0.0733455 
0.03215 -0.0733593 
0.032175 -0.0733729 
0.0322 -0.0733864 
0.032225 -0.0733999 
0.03225 -0.0734132 
0.032275 -0.0734264 
0.0323 -0.0734396 
0.032325 -0.0734526 
0.03235 -0.0734655 
0.032375 -0.0734784 
0.0324 -0.0734911 
0.032425 -0.0735038 
0.03245 -0.0735163 
0.032475 -0.0735288 
0.0325 -0.0735411 
0.032525 -0.0735534 
0.03255 -0.0735656 
0.032575 -0.0735776 
0.0326 -0.0735896 
0.032625 -0.0736015 
0.03265 -0.0736133 
0.032675 -0.073625 
0.0327 -0.0736366 
0.032725 -0.073648 
0.03275 -0.0736595 
0.032775 -0.0736708 
0.0328 -0.073682 
0.032825 -0.0736931 
0.03285 -0.0737041 
0.032875 -0.0737151 
0.0329 -0.0737259 
0.032925 -0.0737367 
0.03295 -0.0737473 
0.032975 -0.0737579 
0.033 -0.0737684 
0.033025 -0.0737788 
0.03305 -0.0737891 
0.033075 -0.0737992 
0.0331 -0.0738093 
0.033125 -0.0738194 
0.03315 -0.0738293 
0.033175 -0.0738391 
0.0332 -0.0738489 
0.033225 -0.0738585 
0.03325 -0.0738681 
0.033275 -0.0738776 
0.0333 -0.073887 
0.033325 -0.0738963 
0.03335 -0.0739054 
0.033375 -0.0739146 
0.0334 -0.0739236 
0.033425 -0.0739326 
0.03345 -0.0739414 
0.033475 -0.0739502 
0.0335 -0.0739588 
0.033525 -0.0739674 
0.03355 -0.0739759 
0.033575 -0.0739844 
0.0336 -0.0739927 
0.033625 -0.0740009 
0.03365 -0.0740091 
0.033675 -0.0740171 
0.0337 -0.0740251 
0.033725 -0.074033 
0.03375 -0.0740408 
0.033775 -0.0740485 
0.0338 -0.0740562 
0.033825 -0.0740637 
0.03385 -0.0740712 
0.033875 -0.0740786 
0.0339 -0.0740859 
0.033925 -0.0740931 
0.03395 -0.0741002 
0.033975 -0.0741072 
0.034 -0.0741142 
0.034025 -0.0741211 
0.03405 -0.0741279 
0.034075 -0.0741346 
0.0341 -0.0741412 
0.034125 -0.0741478 
0.03415 -0.0741542 
0.034175 -0.0741606 
0.0342 -0.0741669 
0.034225 -0.0741731 
0.03425 -0.0741793 
0.034275 -0.0741853 
0.0343 -0.0741913 
0.034325 -0.0741972 
0.03435 -0.074203 
0.034375 -0.0742087 
0.0344 -0.0742144 
0.034425 -0.0742199 
0.03445 -0.0742254 
0.034475 -0.0742309 
0.0345 -0.0742362 
0.034525 -0.0742414 
0.03455 -0.0742466 
0.034575 -0.0742517 
0.0346 -0.0742567 
0.034625 -0.0742616 
0.03465 -0.0742665 
0.034675 -0.0742713 
0.0347 -0.074276 
0.034725 -0.0742806 
0.03475 -0.0742851 
0.034775 -0.0742896 
0.0348 -0.074294 
0.034825 -0.0742983 
0.03485 -0.0743025 
0.034875 -0.0743067 
0.0349 -0.0743108 
0.034925 -0.0743148 
0.03495 -0.0743187 
0.034975 -0.0743226 
0.035 -0.0743263 
0.035025 -0.07433 
0.03505 -0.0743336 
0.035075 -0.0743372 
0.0351 -0.0743406 
0.035125 -0.074344 
0.03515 -0.0743474 
0.035175 -0.0743506 
0.0352 -0.0743538 
0.035225 -0.0743569 
0.03525 -0.07436 
0.035275 -0.074363 
0.0353 -0.0743659 
0.035325 -0.0743687 
0.03535 -0.0743714 
0.035375 -0.0743741 
0.0354 -0.0743767 
0.035425 -0.0743792 
0.03545 -0.0743817 
0.035475 -0.074384 
0.0355 -0.0743863 
0.035525 -0.0743885 
0.03555 -0.0743906 
0.035575 -0.0743927 
0.0356 -0.0743947 
0.035625 -0.0743967 
0.03565 -0.0743985 
0.035675 -0.0744003 
0.0357 -0.0744021 
0.035725 -0.0744038 
0.03575 -0.0744054 
0.035775 -0.074407 
0.0358 -0.0744085 
0.035825 -0.0744099 
0.03585 -0.0744113 
0.035875 -0.0744126 
0.0359 -0.0744138 
0.035925 -0.0744149 
0.03595 -0.074416 
0.035975 -0.074417 
0.036 -0.0744179 
0.036025 -0.0744188 
0.03605 -0.0744196 
0.036075 -0.0744203 
0.0361 -0.074421 
0.036125 -0.0744215 
0.03615 -0.0744221 
0.036175 -0.0744225 
0.0362 -0.0744229 
0.036225 -0.0744232 
0.03625 -0.0744235 
0.036275 -0.0744236 
0.0363 -0.0744238 
0.036325 -0.0744238 
0.03635 -0.0744238 
0.036375 -0.0744237 
0.0364 -0.0744236 
0.036425 -0.0744234 
0.03645 -0.0744231 
0.036475 -0.0744228 
0.0365 -0.0744224 
0.036525 -0.0744219 
0.03655 -0.0744214 
0.036575 -0.0744208 
0.0366 -0.0744202 
0.036625 -0.0744195 
0.03665 -0.0744187 
0.036675 -0.0744179 
0.0367 -0.074417 
0.036725 -0.0744161 
0.03675 -0.0744151 
0.036775 -0.074414 
0.0368 -0.0744129 
0.036825 -0.0744117 
0.03685 -0.0744105 
0.036875 -0.0744092 
0.0369 -0.0744078 
0.036925 -0.0744064 
0.03695 -0.0744049 
0.036975 -0.0744034 
0.037 -0.0744018 
0.037025 -0.0744001 
0.03705 -0.0743984 
0.037075 -0.0743966 
0.0371 -0.0743947 
0.037125 -0.0743928 
0.03715 -0.0743907 
0.037175 -0.0743887 
0.0372 -0.0743865 
0.037225 -0.0743844 
0.03725 -0.0743821 
0.037275 -0.0743799 
0.0373 -0.0743775 
0.037325 -0.0743751 
0.03735 -0.0743727 
0.037375 -0.0743702 
0.0374 -0.0743677 
0.037425 -0.0743651 
0.03745 -0.0743624 
0.037475 -0.0743597 
0.0375 -0.074357 
0.037525 -0.0743542 
0.03755 -0.0743513 
0.037575 -0.0743484 
0.0376 -0.0743454 
0.037625 -0.0743424 
0.03765 -0.0743393 
0.037675 -0.0743361 
0.0377 -0.0743329 
0.037725 -0.0743296 
0.03775 -0.0743263 
0.037775 -0.0743229 
0.0378 -0.0743195 
0.037825 -0.074316 
0.03785 -0.0743125 
0.037875 -0.074309 
0.0379 -0.0743054 
0.037925 -0.0743017 
0.03795 -0.074298 
0.037975 -0.0742942 
0.038 -0.0742903 
0.038025 -0.0742864 
0.03805 -0.0742825 
0.038075 -0.0742785 
0.0381 -0.0742744 
0.038125 -0.0742703 
0.03815 -0.0742662 
0.038175 -0.074262 
0.0382 -0.0742578 
0.038225 -0.0742535 
0.03825 -0.0742492 
0.038275 -0.0742448 
0.0383 -0.0742404 
0.038325 -0.0742359 
0.03835 -0.0742313 
0.038375 -0.0742267 
0.0384 -0.0742221 
0.038425 -0.0742174 
0.03845 -0.0742127 
0.038475 -0.0742079 
0.0385 -0.0742031 
0.038525 -0.0741983 
0.03855 -0.0741934 
0.038575 -0.0741884 
0.0386 -0.0741834 
0.038625 -0.0741783 
0.03865 -0.0741732 
0.038675 -0.074168 
0.0387 -0.0741628 
0.038725 -0.0741576 
0.03875 -0.0741523 
0.038775 -0.074147 
0.0388 -0.0741416 
0.038825 -0.0741362 
0.03885 -0.0741307 
0.038875 -0.0741252 
0.0389 -0.0741196 
0.038925 -0.074114 
0.03895 -0.0741084 
0.038975 -0.0741027 
0.039 -0.074097 
0.039025 -0.0740912 
0.03905 -0.0740854 
0.039075 -0.0740795 
0.0391 -0.0740736 
0.039125 -0.0740676 
0.03915 -0.0740616 
0.039175 -0.0740556 
0.0392 -0.0740496 
0.039225 -0.0740434 
0.03925 -0.0740373 
0.039275 -0.0740311 
0.0393 -0.0740248 
0.039325 -0.0740185 
0.03935 -0.0740122 
0.039375 -0.0740058 
0.0394 -0.0739995 
0.039425 -0.073993 
0.03945 -0.0739865 
0.039475 -0.07398 
0.0395 -0.0739734 
0.039525 -0.0739668 
0.03955 -0.0739601 
0.039575 -0.0739535 
0.0396 -0.0739468 
0.039625 -0.07394 
0.03965 -0.0739332 
0.039675 -0.0739264 
0.0397 -0.0739195 
0.039725 -0.0739125 
0.03975 -0.0739056 
0.039775 -0.0738986 
0.0398 -0.0738916 
0.039825 -0.0738845 
0.03985 -0.0738774 
0.039875 -0.0738703 
0.0399 -0.0738631 
0.039925 -0.0738559 
0.03995 -0.0738487 
0.039975 -0.0738414 
0.04 -0.073834 
0.040025 -0.0738267 
0.04005 -0.0738193 
0.040075 -0.0738118 
0.0401 -0.0738044 
0.040125 -0.0737969 
0.04015 -0.0737894 
0.040175 -0.0737818 
0.0402 -0.0737742 
0.040225 -0.0737665 
0.04025 -0.0737589 
0.040275 -0.0737512 
0.0403 -0.0737435 
0.040325 -0.0737357 
0.04035 -0.0737279 
0.040375 -0.07372 
0.0404 -0.0737121 
0.040425 -0.0737042 
0.04045 -0.0736963 
0.040475 -0.0736884 
0.0405 -0.0736803 
0.040525 -0.0736723 
0.04055 -0.0736642 
0.040575 -0.0736561 
0.0406 -0.073648 
0.040625 -0.0736399 
0.04065 -0.0736317 
0.040675 -0.0736234 
0.0407 -0.0736152 
0.040725 -0.0736069 
0.04075 -0.0735986 
0.040775 -0.0735903 
0.0408 -0.0735819 
0.040825 -0.0735735 
0.04085 -0.0735651 
0.040875 -0.0735566 
0.0409 -0.0735481 
0.040925 -0.0735396 
0.04095 -0.0735311 
0.040975 -0.0735225 
0.041 -0.0735139 
0.041025 -0.0735052 
0.04105 -0.0734966 
0.041075 -0.0734879 
0.0411 -0.0734792 
0.041125 -0.0734704 
0.04115 -0.0734616 
0.041175 -0.0734529 
0.0412 -0.073444 
0.041225 -0.0734352 
0.04125 -0.0734263 
0.041275 -0.0734174 
0.0413 -0.0734085 
0.041325 -0.0733995 
0.04135 -0.0733905 
0.041375 -0.0733815 
0.0414 -0.0733725 
0.041425 -0.0733634 
0.04145 -0.0733543 
0.041475 -0.0733452 
0.0415 -0.0733361 
0.041525 -0.0733269 
0.04155 -0.0733177 
0.041575 -0.0733085 
0.0416 -0.0732993 
0.041625 -0.07329 
0.04165 -0.0732808 
0.041675 -0.0732714 
0.0417 -0.0732621 
0.041725 -0.0732528 
0.04175 -0.0732434 
0.041775 -0.073234 
0.0418 -0.0732246 
0.041825 -0.0732151 
0.04185 -0.0732057 
0.041875 -0.0731962 
0.0419 -0.0731867 
0.041925 -0.0731771 
0.04195 -0.0731676 
0.041975 -0.073158 
0.042 -0.0731484 
0.042025 -0.0731388 
0.04205 -0.0731292 
0.042075 -0.0731195 
0.0421 -0.0731098 
0.042125 -0.0731001 
0.04215 -0.0730904 
0.042175 -0.0730807 
0.0422 -0.0730709 
0.042225 -0.0730611 
0.04225 -0.0730514 
0.042275 -0.0730415 
0.0423 -0.0730317 
0.042325 -0.0730218 
0.04235 -0.073012 
0.042375 -0.0730021 
0.0424 -0.0729922 
0.042425 -0.0729822 
0.04245 -0.0729723 
0.042475 -0.0729623 
0.0425 -0.0729523 
0.042525 -0.0729423 
0.04255 -0.0729323 
0.042575 -0.0729223 
0.0426 -0.0729122 
0.042625 -0.0729021 
0.04265 -0.0728921 
0.042675 -0.0728819 
0.0427 -0.0728718 
0.042725 -0.0728617 
0.04275 -0.0728515 
0.042775 -0.0728414 
0.0428 -0.0728312 
0.042825 -0.072821 
0.04285 -0.0728107 
0.042875 -0.0728005 
0.0429 -0.0727903 
0.042925 -0.07278 
0.04295 -0.0727697 
0.042975 -0.0727594 
0.043 -0.0727491 
0.043025 -0.0727388 
0.04305 -0.0727285 
0.043075 -0.0727181 
0.0431 -0.0727078 
0.043125 -0.0726974 
0.04315 -0.072687 
0.043175 -0.0726766 
0.0432 -0.0726662 
0.043225 -0.0726557 
0.04325 -0.0726453 
0.043275 -0.0726348 
0.0433 -0.0726244 
0.043325 -0.0726139 
0.04335 -0.0726034 
0.043375 -0.0725929 
0.0434 -0.0725824 
0.043425 -0.0725718 
0.04345 -0.0725613 
0.043475 -0.0725507 
0.0435 -0.0725402 
0.043525 -0.0725296 
0.04355 -0.072519 
0.043575 -0.0725084 
0.0436 -0.0724978 
0.043625 -0.0724872 
0.04365 -0.0724765 
0.043675 -0.0724659 
0.0437 -0.0724553 
0.043725 -0.0724446 
0.04375 -0.0724339 
0.043775 -0.0724232 
0.0438 -0.0724125 
0.043825 -0.0724019 
0.04385 -0.0723912 
0.043875 -0.0723804 
0.0439 -0.0723697 
0.043925 -0.072359 
0.04395 -0.0723482 
0.043975 -0.0723375 
0.044 -0.0723267 
0.044025 -0.0723159 
0.04405 -0.0723052 
0.044075 -0.0722944 
0.0441 -0.0722836 
0.044125 -0.0722728 
0.04415 -0.072262 
0.044175 -0.0722512 
0.0442 -0.0722404 
0.044225 -0.0722295 
0.04425 -0.0722187 
0.044275 -0.0722078 
0.0443 -0.072197 
0.044325 -0.0721862 
0.04435 -0.0721753 
0.044375 -0.0721644 
0.0444 -0.0721535 
0.044425 -0.0721427 
0.04445 -0.0721318 
0.044475 -0.0721209 
0.0445 -0.07211 
0.044525 -0.0720991 
0.04455 -0.0720882 
0.044575 -0.0720773 
0.0446 -0.0720664 
0.044625 -0.0720554 
0.04465 -0.0720445 
0.044675 -0.0720336 
0.0447 -0.0720226 
0.044725 -0.0720117 
0.04475 -0.0720008 
0.044775 -0.0719898 
0.0448 -0.0719789 
0.044825 -0.0719679 
0.04485 -0.071957 
0.044875 -0.071946 
0.0449 -0.071935 
0.044925 -0.0719241 
0.04495 -0.0719131 
0.044975 -0.0719021 
0.045 -0.0718912 
0.045025 -0.0718802 
0.04505 -0.0718692 
0.045075 -0.0718582 
0.0451 -0.0718472 
0.045125 -0.0718362 
0.04515 -0.0718252 
0.045175 -0.0718143 
0.0452 -0.0718033 
0.045225 -0.0717923 
0.04525 -0.0717813 
0.045275 -0.0717703 
0.0453 -0.0717593 
0.045325 -0.0717483 
0.04535 -0.0717373 
0.045375 -0.0717263 
0.0454 -0.0717153 
0.045425 -0.0717043 
0.04545 -0.0716933 
0.045475 -0.0716823 
0.0455 -0.0716713 
0.045525 -0.0716603 
0.04555 -0.0716493 
0.045575 -0.0716383 
0.0456 -0.0716273 
0.045625 -0.0716163 
0.04565 -0.0716053 
0.045675 -0.0715943 
0.0457 -0.0715833 
0.045725 -0.0715723 
0.04575 -0.0715613 
0.045775 -0.0715503 
0.0458 -0.0715393 
0.045825 -0.0715283 
0.04585 -0.0715173 
0.045875 -0.0715063 
0.0459 -0.0714954 
0.045925 -0.0714844 
0.04595 -0.0714734 
0.045975 -0.0714624 
0.046 -0.0714514 
0.046025 -0.0714405 
0.04605 -0.0714295 
0.046075 -0.0714185 
0.0461 -0.0714076 
0.046125 -0.0713966 
0.04615 -0.0713856 
0.046175 -0.0713747 
0.0462 -0.0713637 
0.046225 -0.0713528 
0.04625 -0.0713418 
0.046275 -0.0713309 
0.0463 -0.0713199 
0.046325 -0.071309 
0.04635 -0.0712981 
0.046375 -0.0712871 
0.0464 -0.0712762 
0.046425 -0.0712653 
0.04645 -0.0712544 
0.046475 -0.0712435 
0.0465 -0.0712326 
0.046525 -0.0712217 
0.04655 -0.0712108 
0.046575 -0.0711999 
0.0466 -0.071189 
0.046625 -0.0711781 
0.04665 -0.0711672 
0.046675 -0.0711563 
0.0467 -0.0711455 
0.046725 -0.0711346 
0.04675 -0.0711238 
0.046775 -0.0711129 
0.0468 -0.0711021 
0.046825 -0.0710912 
0.04685 -0.0710804 
0.046875 -0.0710696 
0.0469 -0.0710587 
0.046925 -0.0710479 
0.04695 -0.0710371 
0.046975 -0.0710263 
0.047 -0.0710155 
0.047025 -0.0710047 
0.04705 -0.070994 
0.047075 -0.0709832 
0.0471 -0.0709724 
0.047125 -0.0709616 
0.04715 -0.0709509 
0.047175 -0.0709402 
0.0472 -0.0709294 
0.047225 -0.0709187 
0.04725 -0.070908 
0.047275 -0.0708973 
0.0473 -0.0708865 
0.047325 -0.0708758 
0.04735 -0.0708651 
0.047375 -0.0708545 
0.0474 -0.0708438 
0.047425 -0.0708331 
0.04745 -0.0708225 
0.047475 -0.0708118 
0.0475 -0.0708012 
0.047525 -0.0707906 
0.04755 -0.0707799 
0.047575 -0.0707693 
0.0476 -0.0707587 
0.047625 -0.0707481 
0.04765 -0.0707375 
0.047675 -0.0707269 
0.0477 -0.0707164 
0.047725 -0.0707058 
0.04775 -0.0706953 
0.047775 -0.0706847 
0.0478 -0.0706742 
0.047825 -0.0706636 
0.04785 -0.0706531 
0.047875 -0.0706426 
0.0479 -0.0706321 
0.047925 -0.0706216 
0.04795 -0.0706112 
0.047975 -0.0706007 
0.048 -0.0705903 
0.048025 -0.0705798 
0.04805 -0.0705694 
0.048075 -0.0705589 
0.0481 -0.0705485 
0.048125 -0.0705381 
0.04815 -0.0705277 
0.048175 -0.0705174 
0.0482 -0.070507 
0.048225 -0.0704966 
0.04825 -0.0704863 
0.048275 -0.0704759 
0.0483 -0.0704656 
0.048325 -0.0704553 
0.04835 -0.070445 
0.048375 -0.0704347 
0.0484 -0.0704244 
0.048425 -0.0704142 
0.04845 -0.0704039 
0.048475 -0.0703937 
0.0485 -0.0703834 
0.048525 -0.0703732 
0.04855 -0.070363 
0.048575 -0.0703528 
0.0486 -0.0703426 
0.048625 -0.0703324 
0.04865 -0.0703223 
0.048675 -0.0703121 
0.0487 -0.070302 
0.048725 -0.0702919 
0.04875 -0.0702818 
0.048775 -0.0702716 
0.0488 -0.0702616 
0.048825 -0.0702515 
0.04885 -0.0702415 
0.048875 -0.0702314 
0.0489 -0.0702213 
0.048925 -0.0702113 
0.04895 -0.0702013 
0.048975 -0.0701913 
0.049 -0.0701813 
0.049025 -0.0701714 
0.04905 -0.0701614 
0.049075 -0.0701515 
0.0491 -0.0701416 
0.049125 -0.0701316 
0.04915 -0.0701217 
0.049175 -0.0701118 
0.0492 -0.070102 
0.049225 -0.0700921 
0.04925 -0.0700822 
0.049275 -0.0700724 
0.0493 -0.0700625 
0.049325 -0.0700528 
0.04935 -0.070043 
0.049375 -0.0700332 
0.0494 -0.0700234 
0.049425 -0.0700136 
0.04945 -0.0700039 
0.049475 -0.0699942 
0.0495 -0.0699845 
0.049525 -0.0699748 
0.04955 -0.0699651 
0.049575 -0.0699555 
0.0496 -0.0699458 
0.049625 -0.0699362 
0.04965 -0.0699265 
0.049675 -0.0699169 
0.0497 -0.0699073 
0.049725 -0.0698978 
0.04975 -0.0698882 
0.049775 -0.0698786 
0.0498 -0.0698691 
0.049825 -0.0698596 
0.04985 -0.0698501 
0.049875 -0.0698406 
0.0499 -0.0698311 
0.049925 -0.0698217 
0.04995 -0.0698122 
0.049975 -0.0698028 
0.05 -0.0697934 
0.050025 -0.069784 
0.05005 -0.0697746 
0.050075 -0.0697652 
0.0501 -0.0697559 
0.050125 -0.0697466 
0.05015 -0.0697373 
0.050175 -0.0697279 
0.0502 -0.0697186 
0.050225 -0.0697094 
0.05025 -0.0697002 
0.050275 -0.0696909 
0.0503 -0.0696817 
0.050325 -0.0696724 
0.05035 -0.0696632 
0.050375 -0.0696541 
0.0504 -0.069645 
0.050425 -0.0696358 
0.05045 -0.0696267 
0.050475 -0.0696175 
0.0505 -0.0696084 
0.050525 -0.0695994 
0.05055 -0.0695903 
0.050575 -0.0695813 
0.0506 -0.0695722 
0.050625 -0.0695632 
0.05065 -0.0695542 
0.050675 -0.0695453 
0.0507 -0.0695363 
0.050725 -0.0695273 
0.05075 -0.0695184 
0.050775 -0.0695095 
0.0508 -0.0695006 
0.050825 -0.0694917 
0.05085 -0.0694829 
0.050875 -0.069474 
0.0509 -0.0694651 
0.050925 -0.0694564 
0.05095 -0.0694476 
0.050975 -0.0694388 
0.051 -0.06943 
0.051025 -0.0694213 
0.05105 -0.0694125 
0.051075 -0.0694038 
0.0511 -0.0693952 
0.051125 -0.0693865 
0.05115 -0.0693778 
0.051175 -0.0693691 
0.0512 -0.0693605 
0.051225 -0.0693519 
0.05125 -0.0693434 
0.051275 -0.0693348 
0.0513 -0.0693262 
0.051325 -0.0693176 
0.05135 -0.0693091 
0.051375 -0.0693007 
0.0514 -0.0692922 
0.051425 -0.0692837 
0.05145 -0.0692752 
0.051475 -0.0692668 
0.0515 -0.0692584 
0.051525 -0.06925 
0.05155 -0.0692416 
0.051575 -0.0692332 
0.0516 -0.0692249 
0.051625 -0.0692165 
0.05165 -0.0692082 
0.051675 -0.0692 
0.0517 -0.0691917 
0.051725 -0.0691834 
0.05175 -0.0691752 
0.051775 -0.0691669 
0.0518 -0.0691587 
0.051825 -0.0691506 
0.05185 -0.0691424 
0.051875 -0.0691343 
0.0519 -0.0691261 
0.051925 -0.069118 
0.05195 -0.0691099 
0.051975 -0.0691018 
0.052 -0.0690938 
0.052025 -0.0690858 
0.05205 -0.0690777 
0.052075 -0.0690697 
0.0521 -0.0690617 
0.052125 -0.0690538 
0.05215 -0.0690458 
0.052175 -0.0690379 
0.0522 -0.06903 
0.052225 -0.0690221 
0.05225 -0.0690142 
0.052275 -0.0690063 
0.0523 -0.0689985 
0.052325 -0.0689907 
0.05235 -0.0689829 
0.052375 -0.0689751 
0.0524 -0.0689673 
0.052425 -0.0689595 
0.05245 -0.0689518 
0.052475 -0.0689441 
0.0525 -0.0689364 
0.052525 -0.0689287 
0.05255 -0.0689211 
0.052575 -0.0689134 
0.0526 -0.0689058 
0.052625 -0.0688983 
0.05265 -0.0688907 
0.052675 -0.0688831 
0.0527 -0.0688755 
0.052725 -0.068868 
0.05275 -0.0688605 
0.052775 -0.068853 
0.0528 -0.0688456 
0.052825 -0.0688381 
0.05285 -0.0688306 
0.052875 -0.0688232 
0.0529 -0.0688158 
0.052925 -0.0688084 
0.05295 -0.0688011 
0.052975 -0.0687938 
0.053 -0.0687865 
0.053025 -0.0687791 
0.05305 -0.0687718 
0.053075 -0.0687645 
0.0531 -0.0687573 
0.053125 -0.0687501 
0.05315 -0.0687429 
0.053175 -0.0687357 
0.0532 -0.0687285 
0.053225 -0.0687214 
0.05325 -0.0687142 
0.053275 -0.0687071 
0.0533 -0.0687001 
0.053325 -0.068693 
0.05335 -0.0686859 
0.053375 -0.0686789 
0.0534 -0.0686718 
0.053425 -0.0686648 
0.05345 -0.0686578 
0.053475 -0.0686509 
0.0535 -0.068644 
0.053525 -0.068637 
0.05355 -0.0686301 
0.053575 -0.0686232 
0.0536 -0.0686163 
0.053625 -0.0686094 
0.05365 -0.0686026 
0.053675 -0.0685958 
0.0537 -0.068589 
0.053725 -0.0685822 
0.05375 -0.0685755 
0.053775 -0.0685687 
0.0538 -0.068562 
0.053825 -0.0685553 
0.05385 -0.0685486 
0.053875 -0.068542 
0.0539 -0.0685353 
0.053925 -0.0685287 
0.05395 -0.068522 
0.053975 -0.0685154 
0.054 -0.0685089 
0.054025 -0.0685024 
0.05405 -0.0684959 
0.054075 -0.0684893 
0.0541 -0.0684828 
0.054125 -0.0684763 
0.05415 -0.0684698 
0.054175 -0.0684634 
0.0542 -0.068457 
0.054225 -0.0684506 
0.05425 -0.0684443 
0.054275 -0.0684379 
0.0543 -0.0684315 
0.054325 -0.0684252 
0.05435 -0.0684189 
0.054375 -0.0684126 
0.0544 -0.0684063 
0.054425 -0.0684001 
0.05445 -0.0683939 
0.054475 -0.0683876 
0.0545 -0.0683814 
0.054525 -0.0683752 
0.05455 -0.0683691 
0.054575 -0.0683629 
0.0546 -0.0683568 
0.054625 -0.0683508 
0.05465 -0.0683447 
0.054675 -0.0683386 
0.0547 -0.0683325 
0.054725 -0.0683265 
0.05475 -0.0683205 
0.054775 -0.0683145 
0.0548 -0.0683085 
0.054825 -0.0683026 
0.05485 -0.0682967 
0.054875 -0.0682908 
0.0549 -0.0682848 
0.054925 -0.0682789 
0.05495 -0.068273 
0.054975 -0.0682672 
0.055 -0.0682614 
0.055025 -0.0682557 
0.05505 -0.0682499 
0.055075 -0.0682441 
0.0551 -0.0682384 
0.055125 -0.0682326 
0.05515 -0.0682268 
0.055175 -0.0682211 
0.0552 -0.0682155 
0.055225 -0.0682098 
0.05525 -0.0682043 
0.055275 -0.0681987 
0.0553 -0.0681931 
0.055325 -0.0681875 
0.05535 -0.0681818 
0.055375 -0.0681763 
0.0554 -0.0681707 
0.055425 -0.0681652 
0.05545 -0.0681598 
0.055475 -0.0681543 
0.0555 -0.0681489 
0.055525 -0.0681435 
0.05555 -0.0681381 
0.055575 -0.0681326 
0.0556 -0.0681272 
0.055625 -0.0681218 
0.05565 -0.0681165 
0.055675 -0.0681112 
0.0557 -0.0681059 
0.055725 -0.0681007 
0.05575 -0.0680954 
0.055775 -0.0680901 
0.0558 -0.0680849 
0.055825 -0.0680796 
0.05585 -0.0680744 
0.055875 -0.0680692 
0.0559 -0.0680641 
0.055925 -0.068059 
0.05595 -0.0680539 
0.055975 -0.0680488 
0.056 -0.0680437 
0.056025 -0.0680386 
0.05605 -0.0680335 
0.056075 -0.0680284 
0.0561 -0.0680234 
0.056125 -0.0680184 
0.05615 -0.0680134 
0.056175 -0.0680085 
0.0562 -0.0680036 
0.056225 -0.0679987 
0.05625 -0.0679938 
0.056275 -0.0679888 
0.0563 -0.0679839 
0.056325 -0.067979 
0.05635 -0.0679742 
0.056375 -0.0679694 
0.0564 -0.0679646 
0.056425 -0.0679599 
0.05645 -0.0679551 
0.056475 -0.0679504 
0.0565 -0.0679457 
0.056525 -0.0679409 
0.05655 -0.0679362 
0.056575 -0.0679314 
0.0566 -0.0679267 
0.056625 -0.0679221 
0.05665 -0.0679175 
0.056675 -0.0679129 
0.0567 -0.0679084 
0.056725 -0.0679039 
0.05675 -0.0678994 
0.056775 -0.0678948 
0.0568 -0.0678902 
0.056825 -0.0678856 
0.05685 -0.0678811 
0.056875 -0.0678766 
0.0569 -0.0678721 
0.056925 -0.0678677 
0.05695 -0.0678633 
0.056975 -0.067859 
0.057 -0.0678547 
0.057025 -0.0678504 
0.05705 -0.067846 
0.057075 -0.0678416 
0.0571 -0.0678373 
0.057125 -0.0678329 
0.05715 -0.0678286 
0.057175 -0.0678243 
0.0572 -0.06782 
0.057225 -0.0678158 
0.05725 -0.0678116 
0.057275 -0.0678075 
0.0573 -0.0678034 
0.057325 -0.0677993 
0.05735 -0.0677951 
0.057375 -0.067791 
0.0574 -0.0677868 
0.057425 -0.0677826 
0.05745 -0.0677785 
0.057475 -0.0677744 
0.0575 -0.0677703 
0.057525 -0.0677663 
0.05755 -0.0677624 
0.057575 -0.0677584 
0.0576 -0.0677545 
0.057625 -0.0677506 
0.05765 -0.0677467 
0.057675 -0.0677427 
0.0577 -0.0677388 
0.057725 -0.0677348 
0.05775 -0.0677309 
0.057775 -0.067727 
0.0578 -0.0677231 
0.057825 -0.0677193 
0.05785 -0.0677155 
0.057875 -0.0677117 
0.0579 -0.067708 
0.057925 -0.0677043 
0.05795 -0.0677007 
0.057975 -0.0676969 
0.058 -0.0676932 
0.058025 -0.0676894 
0.05805 -0.0676856 
0.058075 -0.0676819 
0.0581 -0.0676782 
0.058125 -0.0676745 
0.05815 -0.0676709 
0.058175 -0.0676673 
0.0582 -0.0676638 
0.058225 -0.0676603 
0.05825 -0.0676568 
0.058275 -0.0676533 
0.0583 -0.0676499 
0.058325 -0.0676464 
0.05835 -0.0676428 
0.058375 -0.0676393 
0.0584 -0.0676357 
0.058425 -0.0676322 
0.05845 -0.0676287 
0.058475 -0.0676252 
0.0585 -0.0676218 
0.058525 -0.0676185 
0.05855 -0.0676151 
0.058575 -0.0676119 
0.0586 -0.0676086 
0.058625 -0.0676054 
0.05865 -0.0676022 
0.058675 -0.067599 
0.0587 -0.0675957 
0.058725 -0.0675924 
0.05875 -0.067589 
0.058775 -0.0675857 
0.0588 -0.0675824 
0.058825 -0.0675791 
0.05885 -0.0675759 
0.058875 -0.0675727 
0.0589 -0.0675695 
0.058925 -0.0675664 
0.05895 -0.0675633 
0.058975 -0.0675603 
0.059 -0.0675573 
0.059025 -0.0675544 
0.05905 -0.0675514 
0.059075 -0.0675485 
0.0591 -0.0675454 
0.059125 -0.0675423 
0.05915 -0.0675392 
0.059175 -0.0675362 
0.0592 -0.0675331 
0.059225 -0.06753 
0.05925 -0.067527 
0.059275 -0.067524 
0.0593 -0.0675211 
0.059325 -0.0675182 
0.05935 -0.0675153 
0.059375 -0.0675125 
0.0594 -0.0675097 
0.059425 -0.0675069 
0.05945 -0.0675042 
0.059475 -0.0675015 
0.0595 -0.0674988 
0.059525 -0.0674961 
0.05955 -0.0674933 
0.059575 -0.0674904 
0.0596 -0.0674876 
0.059625 -0.0674848 
0.05965 -0.067482 
0.059675 -0.0674792 
0.0597 -0.0674765 
0.059725 -0.0674738 
0.05975 -0.0674711 
0.059775 -0.0674684 
0.0598 -0.0674658 
0.059825 -0.0674632 
0.05985 -0.0674606 
0.059875 -0.0674581 
0.0599 -0.0674556 
0.059925 -0.0674532 
0.05995 -0.0674507 
0.059975 -0.0674483 
0.06 -0.0674457 
0.060025 -0.0674432 
0.06005 -0.0674406 
0.060075 -0.067438 
0.0601 -0.0674355 
0.060125 -0.067433 
0.06015 -0.0674305 
0.060175 -0.067428 
0.0602 -0.0674256 
0.060225 -0.0674232 
0.06025 -0.0674208 
0.060275 -0.0674185 
0.0603 -0.0674161 
0.060325 -0.0674138 
0.06035 -0.0674115 
0.060375 -0.0674092 
0.0604 -0.067407 
0.060425 -0.0674048 
0.06045 -0.0674026 
0.060475 -0.0674004 
0.0605 -0.0673982 
0.060525 -0.0673959 
0.06055 -0.0673936 
0.060575 -0.0673913 
0.0606 -0.067389 
0.060625 -0.0673867 
0.06065 -0.0673844 
0.060675 -0.0673822 
0.0607 -0.06738 
0.060725 -0.0673778 
0.06075 -0.0673757 
0.060775 -0.0673736 
0.0608 -0.0673715 
0.060825 -0.0673695 
0.06085 -0.0673675 
0.060875 -0.0673655 
0.0609 -0.0673635 
0.060925 -0.0673615 
0.06095 -0.0673595 
0.060975 -0.0673576 
0.061 -0.0673556 
0.061025 -0.0673537 
0.06105 -0.0673519 
0.061075 -0.06735 
0.0611 -0.0673481 
0.061125 -0.0673461 
0.06115 -0.0673441 
0.061175 -0.067342 
0.0612 -0.06734 
0.061225 -0.067338 
0.06125 -0.067336 
0.061275 -0.067334 
0.0613 -0.0673321 
0.061325 -0.0673301 
0.06135 -0.0673283 
0.061375 -0.0673264 
0.0614 -0.0673246 
0.061425 -0.0673228 
0.06145 -0.067321 
0.061475 -0.0673193 
0.0615 -0.0673176 
0.061525 -0.0673159 
0.06155 -0.0673142 
0.061575 -0.0673126 
0.0616 -0.067311 
0.061625 -0.0673094 
0.06165 -0.0673077 
0.061675 -0.0673061 
0.0617 -0.0673045 
0.061725 -0.0673029 
0.06175 -0.0673014 
0.061775 -0.0672998 
0.0618 -0.0672982 
0.061825 -0.0672965 
0.06185 -0.0672948 
0.061875 -0.0672931 
0.0619 -0.0672913 
0.061925 -0.0672896 
0.06195 -0.0672879 
0.061975 -0.0672863 
0.062 -0.0672846 
0.062025 -0.067283 
0.06205 -0.0672815 
0.062075 -0.0672799 
0.0621 -0.0672784 
0.062125 -0.0672769 
0.06215 -0.0672755 
0.062175 -0.0672741 
0.0622 -0.0672726 
0.062225 -0.0672712 
0.06225 -0.0672699 
0.062275 -0.0672685 
0.0623 -0.0672672 
0.062325 -0.0672658 
0.06235 -0.0672645 
0.062375 -0.0672632 
0.0624 -0.0672619 
0.062425 -0.0672607 
0.06245 -0.0672594 
0.062475 -0.0672582 
0.0625 -0.0672569 
0.062525 -0.0672557 
0.06255 -0.0672545 
0.062575 -0.0672533 
0.0626 -0.0672522 
0.062625 -0.067251 
0.06265 -0.0672498 
0.062675 -0.0672485 
0.0627 -0.0672471 
0.062725 -0.0672458 
0.06275 -0.0672444 
0.062775 -0.067243 
0.0628 -0.0672416 
0.062825 -0.0672402 
0.06285 -0.0672388 
0.062875 -0.0672375 
0.0629 -0.0672361 
0.062925 -0.0672348 
0.06295 -0.0672336 
0.062975 -0.0672323 
0.063 -0.0672311 
0.063025 -0.0672299 
0.06305 -0.0672288 
0.063075 -0.0672276 
0.0631 -0.0672265 
0.063125 -0.0672254 
0.06315 -0.0672243 
0.063175 -0.0672233 
0.0632 -0.0672222 
0.063225 -0.0672212 
0.06325 -0.0672202 
0.063275 -0.0672192 
0.0633 -0.0672183 
0.063325 -0.0672173 
0.06335 -0.0672164 
0.063375 -0.0672155 
0.0634 -0.0672146 
0.063425 -0.0672136 
0.06345 -0.0672127 
0.063475 -0.0672119 
0.0635 -0.067211 
0.063525 -0.0672101 
0.06355 -0.0672093 
0.063575 -0.0672084 
0.0636 -0.0672076 
0.063625 -0.0672068 
0.06365 -0.067206 
0.063675 -0.0672052 
0.0637 -0.0672044 
0.063725 -0.0672036 
0.06375 -0.0672029 
0.063775 -0.0672021 
0.0638 -0.0672014 
0.063825 -0.0672006 
0.06385 -0.0671999 
0.063875 -0.0671991 
0.0639 -0.0671983 
0.063925 -0.0671974 
0.06395 -0.0671965 
0.063975 -0.0671956 
0.064 -0.0671947 
0.064025 -0.0671938 
0.06405 -0.0671929 
0.064075 -0.0671921 
0.0641 -0.0671912 
0.064125 -0.0671903 
0.06415 -0.0671894 
0.064175 -0.0671886 
0.0642 -0.0671878 
0.064225 -0.067187 
0.06425 -0.0671862 
0.064275 -0.0671854 
0.0643 -0.0671846 
0.064325 -0.0671839 
0.06435 -0.0671831 
0.064375 -0.0671824 
0.0644 -0.0671816 
0.064425 -0.0671809 
0.06445 -0.0671802 
0.064475 -0.0671795 
0.0645 -0.0671788 
0.064525 -0.0671782 
0.06455 -0.0671775 
0.064575 -0.0671769 
0.0646 -0.0671763 
0.064625 -0.0671757 
0.06465 -0.0671751 
0.064675 -0.0671745 
0.0647 -0.067174 
0.064725 -0.0671734 
0.06475 -0.0671729 
0.064775 -0.0671724 
0.0648 -0.0671718 
0.064825 -0.0671713 
0.06485 -0.0671708 
0.064875 -0.0671703 
0.0649 -0.0671698 
0.064925 -0.0671694 
0.06495 -0.0671689 
0.064975 -0.0671685 
0.065 -0.067168 
0.065025 -0.0671676 
0.06505 -0.0671672 
0.065075 -0.0671667 
0.0651 -0.0671663 
0.065125 -0.0671659 
0.06515 -0.0671655 
0.065175 -0.0671651 
0.0652 -0.0671647 
0.065225 -0.0671643 
0.06525 -0.067164 
0.065275 -0.0671636 
0.0653 -0.0671632 
0.065325 -0.0671629 
0.06535 -0.0671625 
0.065375 -0.0671622 
0.0654 -0.0671618 
0.065425 -0.0671615 
0.06545 -0.0671611 
0.065475 -0.0671608 
0.0655 -0.0671605 
0.065525 -0.0671602 
0.06555 -0.0671599 
0.065575 -0.0671596 
0.0656 -0.0671593 
0.065625 -0.067159 
0.06565 -0.0671587 
0.065675 -0.0671584 
0.0657 -0.0671581 
0.065725 -0.0671579 
0.06575 -0.0671576 
0.065775 -0.0671573 
0.0658 -0.0671571 
0.065825 -0.0671568 
0.06585 -0.0671566 
0.065875 -0.0671564 
0.0659 -0.0671561 
0.065925 -0.0671559 
0.06595 -0.0671557 
0.065975 -0.0671555 
0.066 -0.0671553 
0.066025 -0.0671551 
0.06605 -0.0671549 
0.066075 -0.0671547 
0.0661 -0.0671545 
0.066125 -0.0671544 
0.06615 -0.0671542 
0.066175 -0.067154 
0.0662 -0.0671538 
0.066225 -0.0671537 
0.06625 -0.0671535 
0.066275 -0.0671534 
0.0663 -0.0671532 
0.066325 -0.0671531 
0.06635 -0.067153 
0.066375 -0.0671528 
0.0664 -0.0671527 
0.066425 -0.0671526 
0.06645 -0.0671525 
0.066475 -0.0671524 
0.0665 -0.0671523 
0.066525 -0.0671522 
0.06655 -0.0671521 
0.066575 -0.067152 
0.0666 -0.0671519 
0.066625 -0.0671518 
0.06665 -0.0671517 
0.066675 -0.0671516 
0.0667 -0.0671515 
0.066725 -0.0671515 
0.06675 -0.0671514 
0.066775 -0.0671513 
0.0668 -0.0671513 
0.066825 -0.0671512 
0.06685 -0.0671512 
0.066875 -0.0671511 
0.0669 -0.0671511 
0.066925 -0.067151 
0.06695 -0.067151 
0.066975 -0.067151 
0.067 -0.0671509 
0.067025 -0.0671509 
0.06705 -0.0671509 
0.067075 -0.0671509 
0.0671 -0.0671509 
0.067125 -0.0671509 
0.06715 -0.0671509 
0.067175 -0.0671508 
0.0672 -0.0671508 
0.067225 -0.0671508 
0.06725 -0.0671509 
0.067275 -0.0671509 
0.0673 -0.0671509 
0.067325 -0.0671509 
0.06735 -0.0671509 
0.067375 -0.0671509 
0.0674 -0.0671509 
0.067425 -0.067151 
0.06745 -0.067151 
0.067475 -0.067151 
0.0675 -0.0671511 
0.067525 -0.0671511 
0.06755 -0.0671511 
0.067575 -0.0671512 
0.0676 -0.0671512 
0.067625 -0.0671513 
0.06765 -0.0671513 
0.067675 -0.0671514 
0.0677 -0.0671515 
0.067725 -0.0671516 
0.06775 -0.0671516 
0.067775 -0.0671517 
0.0678 -0.0671518 
0.067825 -0.0671519 
0.06785 -0.067152 
0.067875 -0.0671521 
0.0679 -0.0671522 
0.067925 -0.0671524 
0.06795 -0.0671525 
0.067975 -0.0671526 
0.068 -0.0671527 
0.068025 -0.0671528 
0.06805 -0.0671529 
0.068075 -0.067153 
0.0681 -0.0671532 
0.068125 -0.0671533 
0.06815 -0.0671534 
0.068175 -0.0671535 
0.0682 -0.0671537 
0.068225 -0.0671538 
0.06825 -0.067154 
0.068275 -0.0671541 
0.0683 -0.0671542 
0.068325 -0.0671544 
0.06835 -0.0671545 
0.068375 -0.0671547 
0.0684 -0.0671549 
0.068425 -0.067155 
0.06845 -0.0671552 
0.068475 -0.0671553 
0.0685 -0.0671555 
0.068525 -0.0671557 
0.06855 -0.0671558 
0.068575 -0.067156 
0.0686 -0.0671562 
0.068625 -0.0671563 
0.06865 -0.0671565 
0.068675 -0.0671567 
0.0687 -0.0671569 
0.068725 -0.067157 
0.06875 -0.0671572 
0.068775 -0.0671574 
0.0688 -0.0671576 
0.068825 -0.0671577 
0.06885 -0.0671579 
0.068875 -0.0671581 
0.0689 -0.0671583 
0.068925 -0.0671585 
0.06895 -0.0671587 
0.068975 -0.0671588 
0.069 -0.067159 
0.069025 -0.0671592 
0.06905 -0.0671594 
0.069075 -0.0671596 
0.0691 -0.0671598 
0.069125 -0.06716 
0.06915 -0.0671602 
0.069175 -0.0671604 
0.0692 -0.0671606 
0.069225 -0.0671608 
0.06925 -0.0671609 
0.069275 -0.0671611 
0.0693 -0.0671614 
0.069325 -0.0671616 
0.06935 -0.0671618 
0.069375 -0.067162 
0.0694 -0.0671622 
0.069425 -0.0671624 
0.06945 -0.0671626 
0.069475 -0.0671628 
0.0695 -0.067163 
0.069525 -0.0671633 
0.06955 -0.0671635 
0.069575 -0.0671637 
0.0696 -0.0671639 
0.069625 -0.0671641 
0.06965 -0.0671644 
0.069675 -0.0671646 
0.0697 -0.0671648 
0.069725 -0.0671651 
0.06975 -0.0671653 
0.069775 -0.0671656 
0.0698 -0.0671658 
0.069825 -0.0671661 
0.06985 -0.0671663 
0.069875 -0.0671666 
0.0699 -0.0671669 
0.069925 -0.0671672 
0.06995 -0.0671675 
0.069975 -0.0671678 
0.07 -0.0671681 
0.070025 -0.0671684 
0.07005 -0.0671687 
0.070075 -0.0671691 
0.0701 -0.0671694 
0.070125 -0.0671697 
0.07015 -0.06717 
0.070175 -0.0671704 
0.0702 -0.0671707 
0.070225 -0.067171 
0.07025 -0.0671713 
0.070275 -0.0671717 
0.0703 -0.067172 
0.070325 -0.0671723 
0.07035 -0.0671726 
0.070375 -0.0671729 
0.0704 -0.0671733 
0.070425 -0.0671736 
0.07045 -0.0671739 
0.070475 -0.0671742 
0.0705 -0.0671745 
0.070525 -0.0671748 
0.07055 -0.0671751 
0.070575 -0.0671754 
0.0706 -0.0671757 
0.070625 -0.067176 
0.07065 -0.0671763 
0.070675 -0.0671766 
0.0707 -0.0671769 
0.070725 -0.0671772 
0.07075 -0.0671775 
0.070775 -0.0671778 
0.0708 -0.0671781 
0.070825 -0.0671784 
0.07085 -0.0671787 
0.070875 -0.067179 
0.0709 -0.0671793 
0.070925 -0.0671796 
0.07095 -0.0671799 
0.070975 -0.0671802 
0.071 -0.0671805 
0.071025 -0.0671808 
0.07105 -0.0671811 
0.071075 -0.0671814 
0.0711 -0.0671818 
0.071125 -0.0671821 
0.07115 -0.0671824 
0.071175 -0.0671827 
0.0712 -0.067183 
0.071225 -0.0671834 
0.07125 -0.0671837 
0.071275 -0.0671841 
0.0713 -0.0671844 
0.071325 -0.0671848 
0.07135 -0.0671851 
0.071375 -0.0671855 
0.0714 -0.0671858 
0.071425 -0.0671862 
0.07145 -0.0671865 
0.071475 -0.0671868 
0.0715 -0.0671872 
0.071525 -0.0671875 
0.07155 -0.0671879 
0.071575 -0.0671882 
0.0716 -0.0671885 
0.071625 -0.0671889 
0.07165 -0.0671893 
0.071675 -0.0671897 
0.0717 -0.0671901 
0.071725 -0.0671905 
0.07175 -0.0671909 
0.071775 -0.0671914 
0.0718 -0.0671918 
0.071825 -0.0671923 
0.07185 -0.0671927 
0.071875 -0.0671932 
0.0719 -0.0671936 
0.071925 -0.067194 
0.07195 -0.0671945 
0.071975 -0.0671949 
0.072 -0.0671953 
0.072025 -0.0671957 
0.07205 -0.0671961 
0.072075 -0.0671965 
0.0721 -0.0671969 
0.072125 -0.0671973 
0.07215 -0.0671977 
0.072175 -0.0671981 
0.0722 -0.0671985 
0.072225 -0.0671989 
0.07225 -0.0671993 
0.072275 -0.0671997 
0.0723 -0.0672 
0.072325 -0.0672005 
0.07235 -0.067201 
0.072375 -0.0672016 
0.0724 -0.0672022 
0.072425 -0.0672028 
0.07245 -0.0672034 
0.072475 -0.0672039 
0.0725 -0.0672045 
0.072525 -0.067205 
0.07255 -0.0672056 
0.072575 -0.0672061 
0.0726 -0.0672066 
0.072625 -0.0672071 
0.07265 -0.0672076 
0.072675 -0.0672081 
0.0727 -0.0672085 
0.072725 -0.067209 
0.07275 -0.0672095 
0.072775 -0.0672099 
0.0728 -0.0672104 
0.072825 -0.0672108 
0.07285 -0.0672113 
0.072875 -0.0672117 
0.0729 -0.0672122 
0.072925 -0.0672126 
0.07295 -0.0672131 
0.072975 -0.0672135 
0.073 -0.0672139 
0.073025 -0.0672144 
0.07305 -0.0672148 
0.073075 -0.0672152 
0.0731 -0.0672156 
0.073125 -0.067216 
0.07315 -0.0672164 
0.073175 -0.0672168 
0.0732 -0.0672172 
0.073225 -0.0672176 
0.07325 -0.067218 
0.073275 -0.0672184 
0.0733 -0.0672188 
0.073325 -0.0672192 
0.07335 -0.0672195 
0.073375 -0.0672199 
0.0734 -0.0672203 
0.073425 -0.0672207 
0.07345 -0.0672211 
0.073475 -0.0672214 
0.0735 -0.0672218 
0.073525 -0.0672222 
0.07355 -0.0672225 
0.073575 -0.0672229 
0.0736 -0.0672233 
0.073625 -0.0672237 
0.07365 -0.067224 
0.073675 -0.0672244 
0.0737 -0.0672248 
0.073725 -0.0672252 
0.07375 -0.0672256 
0.073775 -0.067226 
0.0738 -0.0672264 
0.073825 -0.0672267 
0.07385 -0.0672271 
0.073875 -0.0672275 
0.0739 -0.0672279 
0.073925 -0.0672283 
0.07395 -0.0672287 
0.073975 -0.067229 
0.074 -0.0672294 
0.074025 -0.0672298 
0.07405 -0.0672301 
0.074075 -0.0672305 
0.0741 -0.0672309 
0.074125 -0.0672312 
0.07415 -0.0672316 
0.074175 -0.067232 
0.0742 -0.0672323 
0.074225 -0.0672327 
0.07425 -0.067233 
0.074275 -0.0672334 
0.0743 -0.0672338 
0.074325 -0.0672341 
0.07435 -0.0672345 
0.074375 -0.0672348 
0.0744 -0.0672352 
0.074425 -0.0672355 
0.07445 -0.0672359 
0.074475 -0.0672362 
0.0745 -0.0672366 
0.074525 -0.0672369 
0.07455 -0.0672373 
0.074575 -0.0672376 
0.0746 -0.067238 
0.074625 -0.0672383 
0.07465 -0.0672387 
0.074675 -0.067239 
0.0747 -0.0672394 
0.074725 -0.0672398 
0.07475 -0.0672402 
0.074775 -0.0672407 
0.0748 -0.0672411 
0.074825 -0.0672415 
0.07485 -0.067242 
0.074875 -0.0672424 
0.0749 -0.0672429 
0.074925 -0.0672433 
0.07495 -0.0672438 
0.074975 -0.0672442 
0.075 -0.0672447 
0.075025 -0.0672451 
0.07505 -0.0672456 
0.075075 -0.067246 
0.0751 -0.0672464 
0.075125 -0.0672468 
0.07515 -0.0672472 
0.075175 -0.0672476 
0.0752 -0.067248 
0.075225 -0.0672484 
0.07525 -0.0672488 
0.075275 -0.0672492 
0.0753 -0.0672495 
0.075325 -0.0672499 
0.07535 -0.0672504 
0.075375 -0.0672509 
0.0754 -0.0672515 
0.075425 -0.0672521 
0.07545 -0.0672527 
0.075475 -0.0672532 
0.0755 -0.0672538 
0.075525 -0.0672544 
0.07555 -0.0672549 
0.075575 -0.0672555 
0.0756 -0.067256 
0.075625 -0.0672565 
0.07565 -0.067257 
0.075675 -0.0672575 
0.0757 -0.067258 
0.075725 -0.0672585 
0.07575 -0.067259 
0.075775 -0.0672594 
0.0758 -0.0672599 
0.075825 -0.0672603 
0.07585 -0.0672608 
0.075875 -0.0672613 
0.0759 -0.0672617 
0.075925 -0.0672622 
0.07595 -0.0672626 
0.075975 -0.067263 
0.076 -0.0672635 
0.076025 -0.0672639 
0.07605 -0.0672643 
0.076075 -0.0672647 
0.0761 -0.0672651 
0.076125 -0.0672655 
0.07615 -0.0672659 
0.076175 -0.0672663 
0.0762 -0.0672667 
0.076225 -0.0672671 
0.07625 -0.0672675 
0.076275 -0.0672679 
0.0763 -0.0672683 
0.076325 -0.0672687 
0.07635 -0.067269 
0.076375 -0.0672694 
0.0764 -0.0672698 
0.076425 -0.0672701 
0.07645 -0.0672705 
0.076475 -0.0672709 
0.0765 -0.0672712 
0.076525 -0.0672716 
0.07655 -0.0672719 
0.076575 -0.0672723 
0.0766 -0.0672726 
0.076625 -0.067273 
0.07665 -0.0672733 
0.076675 -0.0672736 
0.0767 -0.067274 
0.076725 -0.0672743 
0.07675 -0.0672747 
0.076775 -0.067275 
0.0768 -0.0672753 
0.076825 -0.0672757 
0.07685 -0.067276 
0.076875 -0.0672763 
0.0769 -0.0672766 
0.076925 -0.067277 
0.07695 -0.0672773 
0.076975 -0.0672776 
0.077 -0.0672779 
0.077025 -0.0672782 
0.07705 -0.0672785 
0.077075 -0.0672789 
0.0771 -0.0672792 
0.077125 -0.0672795 
0.07715 -0.0672798 
0.077175 -0.0672801 
0.0772 -0.0672804 
0.077225 -0.0672807 
0.07725 -0.067281 
0.077275 -0.0672813 
0.0773 -0.0672816 
0.077325 -0.0672819 
0.07735 -0.0672822 
0.077375 -0.0672825 
0.0774 -0.0672828 
0.077425 -0.0672831 
0.07745 -0.0672834 
0.077475 -0.0672836 
0.0775 -0.0672839 
0.077525 -0.0672842 
0.07755 -0.0672845 
0.077575 -0.0672848 
0.0776 -0.0672851 
0.077625 -0.0672854 
0.07765 -0.0672856 
0.077675 -0.0672859 
0.0777 -0.0672862 
0.077725 -0.0672865 
0.07775 -0.0672867 
0.077775 -0.067287 
0.0778 -0.0672873 
0.077825 -0.0672876 
0.07785 -0.0672878 
0.077875 -0.0672881 
0.0779 -0.0672884 
0.077925 -0.0672887 
0.07795 -0.067289 
0.077975 -0.0672893 
0.078 -0.0672896 
0.078025 -0.0672899 
0.07805 -0.0672902 
0.078075 -0.0672906 
0.0781 -0.0672909 
0.078125 -0.0672912 
0.07815 -0.0672915 
0.078175 -0.0672918 
0.0782 -0.0672921 
0.078225 -0.0672924 
0.07825 -0.0672927 
0.078275 -0.067293 
0.0783 -0.0672933 
0.078325 -0.0672936 
0.07835 -0.0672939 
0.078375 -0.0672942 
0.0784 -0.0672946 
0.078425 -0.0672949 
0.07845 -0.0672953 
0.078475 -0.0672957 
0.0785 -0.0672961 
0.078525 -0.0672964 
0.07855 -0.0672968 
0.078575 -0.0672972 
0.0786 -0.0672975 
0.078625 -0.0672979 
0.07865 -0.0672982 
0.078675 -0.0672986 
0.0787 -0.067299 
0.078725 -0.0672993 
0.07875 -0.0672997 
0.078775 -0.0673 
0.0788 -0.0673005 
0.078825 -0.067301 
0.07885 -0.0673015 
0.078875 -0.0673021 
0.0789 -0.0673026 
0.078925 -0.0673032 
0.07895 -0.0673037 
0.078975 -0.0673042 
0.079 -0.0673047 
0.079025 -0.0673052 
0.07905 -0.0673057 
0.079075 -0.0673062 
0.0791 -0.0673067 
0.079125 -0.0673071 
0.07915 -0.0673076 
0.079175 -0.067308 
0.0792 -0.0673085 
0.079225 -0.0673089 
0.07925 -0.0673093 
0.079275 -0.0673097 
0.0793 -0.06731 
0.079325 -0.0673104 
0.07935 -0.0673108 
0.079375 -0.0673111 
0.0794 -0.0673115 
0.079425 -0.0673118 
0.07945 -0.0673122 
0.079475 -0.0673125 
0.0795 -0.0673128 
0.079525 -0.0673132 
0.07955 -0.0673135 
0.079575 -0.0673138 
0.0796 -0.0673141 
0.079625 -0.0673144 
0.07965 -0.0673147 
0.079675 -0.067315 
0.0797 -0.0673153 
0.079725 -0.0673156 
0.07975 -0.0673159 
0.079775 -0.0673162 
0.0798 -0.0673164 
0.079825 -0.0673167 
0.07985 -0.067317 
0.079875 -0.0673173 
0.0799 -0.0673176 
0.079925 -0.0673178 
0.07995 -0.0673181 
0.079975 -0.0673184 
0.08 -0.0673186 
0.080025 -0.0673189 
0.08005 -0.0673192 
0.080075 -0.0673194 
0.0801 -0.0673197 
0.080125 -0.06732 
0.08015 -0.0673202 
0.080175 -0.0673205 
0.0802 -0.0673207 
0.080225 -0.067321 
0.08025 -0.0673212 
0.080275 -0.0673215 
0.0803 -0.0673218 
0.080325 -0.067322 
0.08035 -0.0673222 
0.080375 -0.0673225 
0.0804 -0.0673227 
0.080425 -0.067323 
0.08045 -0.0673232 
0.080475 -0.0673235 
0.0805 -0.0673237 
0.080525 -0.0673239 
0.08055 -0.0673242 
0.080575 -0.0673244 
0.0806 -0.0673246 
0.080625 -0.0673248 
0.08065 -0.0673251 
0.080675 -0.0673253 
0.0807 -0.0673255 
0.080725 -0.0673257 
0.08075 -0.067326 
0.080775 -0.0673262 
0.0808 -0.0673264 
0.080825 -0.0673266 
0.08085 -0.0673268 
0.080875 -0.0673271 
0.0809 -0.0673273 
0.080925 -0.0673275 
0.08095 -0.0673277 
0.080975 -0.0673279 
0.081 -0.0673281 
0.081025 -0.0673283 
0.08105 -0.0673285 
0.081075 -0.0673288 
0.0811 -0.067329 
0.081125 -0.0673292 
0.08115 -0.0673294 
0.081175 -0.0673296 
0.0812 -0.0673298 
0.081225 -0.06733 
0.08125 -0.0673302 
0.081275 -0.0673304 
0.0813 -0.0673306 
0.081325 -0.0673308 
0.08135 -0.067331 
0.081375 -0.0673312 
0.0814 -0.0673314 
0.081425 -0.0673316 
0.08145 -0.0673318 
0.081475 -0.067332 
0.0815 -0.0673322 
0.081525 -0.0673324 
0.08155 -0.0673326 
0.081575 -0.0673328 
0.0816 -0.067333 
0.081625 -0.0673332 
0.08165 -0.0673334 
0.081675 -0.0673336 
0.0817 -0.0673338 
0.081725 -0.067334 
0.08175 -0.0673341 
0.081775 -0.0673343 
0.0818 -0.0673345 
0.081825 -0.0673347 
0.08185 -0.0673349 
0.081875 -0.0673351 
0.0819 -0.0673353 
0.081925 -0.0673355 
0.08195 -0.0673356 
0.081975 -0.0673358 
0.082 -0.067336 
0.082025 -0.0673362 
0.08205 -0.0673364 
0.082075 -0.0673365 
0.0821 -0.0673367 
0.082125 -0.0673369 
0.08215 -0.0673371 
0.082175 -0.0673373 
0.0822 -0.0673374 
0.082225 -0.0673376 
0.08225 -0.0673379 
0.082275 -0.0673381 
0.0823 -0.0673383 
0.082325 -0.0673385 
0.08235 -0.0673387 
0.082375 -0.0673389 
0.0824 -0.0673391 
0.082425 -0.0673393 
0.08245 -0.0673396 
0.082475 -0.0673398 
0.0825 -0.06734 
0.082525 -0.0673402 
0.08255 -0.0673403 
0.082575 -0.0673405 
0.0826 -0.0673407 
0.082625 -0.0673409 
0.08265 -0.0673411 
0.082675 -0.0673413 
0.0827 -0.0673415 
0.082725 -0.0673417 
0.08275 -0.0673418 
0.082775 -0.067342 
0.0828 -0.0673422 
0.082825 -0.0673424 
0.08285 -0.0673426 
0.082875 -0.0673428 
0.0829 -0.067343 
0.082925 -0.0673432 
0.08295 -0.0673434 
0.082975 -0.0673436 
0.083 -0.0673438 
0.083025 -0.067344 
0.08305 -0.0673441 
0.083075 -0.0673443 
0.0831 -0.0673445 
0.083125 -0.0673447 
0.08315 -0.0673449 
0.083175 -0.0673451 
0.0832 -0.0673453 
0.083225 -0.0673455 
0.08325 -0.0673457 
0.083275 -0.0673459 
0.0833 -0.0673461 
0.083325 -0.0673463 
0.08335 -0.0673466 
0.083375 -0.0673468 
0.0834 -0.0673469 
0.083425 -0.0673471 
0.08345 -0.0673473 
0.083475 -0.0673475 
0.0835 -0.0673477 
0.083525 -0.067348 
0.08355 -0.0673482 
0.083575 -0.0673484 
0.0836 -0.0673486 
0.083625 -0.0673489 
0.08365 -0.0673491 
0.083675 -0.0673494 
0.0837 -0.0673496 
0.083725 -0.0673499 
0.08375 -0.0673502 
0.083775 -0.0673505 
0.0838 -0.067351 
0.083825 -0.0673514 
0.08385 -0.0673519 
0.083875 -0.0673523 
0.0839 -0.0673527 
0.083925 -0.0673532 
0.08395 -0.0673536 
0.083975 -0.067354 
0.084 -0.0673544 
0.084025 -0.0673547 
0.08405 -0.0673551 
0.084075 -0.0673555 
0.0841 -0.0673558 
0.084125 -0.0673561 
0.08415 -0.0673565 
0.084175 -0.0673568 
0.0842 -0.0673571 
0.084225 -0.0673574 
0.08425 -0.0673576 
0.084275 -0.0673579 
0.0843 -0.0673582 
0.084325 -0.0673584 
0.08435 -0.0673587 
0.084375 -0.0673589 
0.0844 -0.0673592 
0.084425 -0.0673594 
0.08445 -0.0673596 
0.084475 -0.0673599 
0.0845 -0.0673601 
0.084525 -0.0673603 
0.08455 -0.0673605 
0.084575 -0.0673607 
0.0846 -0.0673609 
0.084625 -0.0673611 
0.08465 -0.0673613 
0.084675 -0.0673615 
0.0847 -0.0673617 
0.084725 -0.0673619 
0.08475 -0.067362 
0.084775 -0.0673622 
0.0848 -0.0673624 
0.084825 -0.0673626 
0.08485 -0.0673628 
0.084875 -0.0673629 
0.0849 -0.0673631 
0.084925 -0.0673633 
0.08495 -0.0673634 
0.084975 -0.0673636 
0.085 -0.0673638 
0.085025 -0.0673639 
0.08505 -0.0673641 
0.085075 -0.0673643 
0.0851 -0.0673644 
0.085125 -0.0673646 
0.08515 -0.0673647 
0.085175 -0.0673649 
0.0852 -0.067365 
0.085225 -0.0673652 
0.08525 -0.0673653 
0.085275 -0.0673655 
0.0853 -0.0673656 
0.085325 -0.0673658 
0.08535 -0.0673659 
0.085375 -0.0673661 
0.0854 -0.0673662 
0.085425 -0.0673664 
0.08545 -0.0673665 
0.085475 -0.0673666 
0.0855 -0.0673668 
0.085525 -0.0673669 
0.08555 -0.0673671 
0.085575 -0.0673672 
0.0856 -0.0673673 
0.085625 -0.0673675 
0.08565 -0.0673676 
0.085675 -0.0673677 
0.0857 -0.0673679 
0.085725 -0.067368 
0.08575 -0.0673681 
0.085775 -0.0673683 
0.0858 -0.0673684 
0.085825 -0.0673685 
0.08585 -0.0673687 
0.085875 -0.0673688 
0.0859 -0.0673689 
0.085925 -0.0673691 
0.08595 -0.0673692 
0.085975 -0.0673693 
0.086 -0.0673695 
0.086025 -0.0673696 
0.08605 -0.0673697 
0.086075 -0.0673698 
0.0861 -0.06737 
0.086125 -0.0673701 
0.08615 -0.0673702 
0.086175 -0.0673703 
0.0862 -0.0673705 
0.086225 -0.0673706 
0.08625 -0.0673707 
0.086275 -0.0673708 
0.0863 -0.067371 
0.086325 -0.0673711 
0.08635 -0.0673712 
0.086375 -0.0673713 
0.0864 -0.0673714 
0.086425 -0.0673716 
0.08645 -0.0673717 
0.086475 -0.0673718 
0.0865 -0.0673719 
0.086525 -0.067372 
0.08655 -0.0673721 
0.086575 -0.0673723 
0.0866 -0.0673724 
0.086625 -0.0673725 
0.08665 -0.0673726 
0.086675 -0.0673727 
0.0867 -0.0673728 
0.086725 -0.067373 
0.08675 -0.0673731 
0.086775 -0.0673732 
0.0868 -0.0673733 
0.086825 -0.0673734 
0.08685 -0.0673735 
0.086875 -0.0673736 
0.0869 -0.0673737 
0.086925 -0.0673739 
0.08695 -0.067374 
0.086975 -0.0673741 
0.087 -0.0673742 
0.087025 -0.0673743 
0.08705 -0.0673744 
0.087075 -0.0673745 
0.0871 -0.0673746 
0.087125 -0.0673747 
0.08715 -0.0673748 
0.087175 -0.0673749 
0.0872 -0.067375 
0.087225 -0.0673751 
0.08725 -0.0673752 
0.087275 -0.0673754 
0.0873 -0.0673755 
0.087325 -0.0673756 
0.08735 -0.0673757 
0.087375 -0.0673758 
0.0874 -0.0673759 
0.087425 -0.067376 
0.08745 -0.0673761 
0.087475 -0.0673762 
0.0875 -0.0673763 
0.087525 -0.0673764 
0.08755 -0.0673765 
0.087575 -0.0673766 
0.0876 -0.0673767 
0.087625 -0.0673768 
0.08765 -0.0673769 
0.087675 -0.067377 
0.0877 -0.0673771 
0.087725 -0.0673772 
0.08775 -0.0673773 
0.087775 -0.0673774 
0.0878 -0.0673775 
0.087825 -0.0673776 
0.08785 -0.0673777 
0.087875 -0.0673778 
0.0879 -0.0673779 
0.087925 -0.067378 
0.08795 -0.0673781 
0.087975 -0.0673781 
0.088 -0.0673782 
0.088025 -0.0673783 
0.08805 -0.0673784 
0.088075 -0.0673785 
0.0881 -0.0673786 
0.088125 -0.0673787 
0.08815 -0.0673788 
0.088175 -0.0673789 
0.0882 -0.067379 
0.088225 -0.0673791 
0.08825 -0.0673792 
0.088275 -0.0673793 
0.0883 -0.0673794 
0.088325 -0.0673795 
0.08835 -0.0673796 
0.088375 -0.0673796 
0.0884 -0.0673797 
0.088425 -0.0673798 
0.08845 -0.0673799 
0.088475 -0.06738 
0.0885 -0.0673801 
0.088525 -0.0673802 
0.08855 -0.0673803 
0.088575 -0.0673804 
0.0886 -0.0673805 
0.088625 -0.0673806 
0.08865 -0.0673806 
0.088675 -0.0673807 
0.0887 -0.0673808 
0.088725 -0.0673809 
0.08875 -0.067381 
0.088775 -0.0673811 
0.0888 -0.0673812 
0.088825 -0.0673813 
0.08885 -0.0673813 
0.088875 -0.0673814 
0.0889 -0.0673815 
0.088925 -0.0673816 
0.08895 -0.0673817 
0.088975 -0.0673818 
0.089 -0.0673819 
0.089025 -0.067382 
0.08905 -0.067382 
0.089075 -0.0673821 
0.0891 -0.0673822 
0.089125 -0.0673823 
0.08915 -0.0673824 
0.089175 -0.0673825 
0.0892 -0.0673826 
0.089225 -0.0673826 
0.08925 -0.0673827 
0.089275 -0.0673828 
0.0893 -0.0673829 
0.089325 -0.067383 
0.08935 -0.0673831 
0.089375 -0.0673831 
0.0894 -0.0673832 
0.089425 -0.0673833 
0.08945 -0.0673834 
0.089475 -0.0673835 
0.0895 -0.0673836 
0.089525 -0.0673836 
0.08955 -0.0673837 
0.089575 -0.0673838 
0.0896 -0.0673839 
0.089625 -0.067384 
0.08965 -0.0673841 
0.089675 -0.0673841 
0.0897 -0.0673842 
0.089725 -0.0673843 
0.08975 -0.0673844 
0.089775 -0.0673845 
0.0898 -0.0673846 
0.089825 -0.0673846 
0.08985 -0.0673847 
0.089875 -0.0673848 
0.0899 -0.0673849 
0.089925 -0.067385 
0.08995 -0.0673852 
0.089975 -0.0673853 
0.09 -0.0673854 
0.090025 -0.0673855 
0.09005 -0.0673857 
0.090075 -0.0673858 
0.0901 -0.0673859 
0.090125 -0.067386 
0.09015 -0.0673861 
0.090175 -0.0673862 
0.0902 -0.0673863 
0.090225 -0.0673865 
0.09025 -0.0673866 
0.090275 -0.0673867 
0.0903 -0.0673868 
0.090325 -0.0673869 
0.09035 -0.067387 
0.090375 -0.0673871 
0.0904 -0.0673872 
0.090425 -0.0673873 
0.09045 -0.0673874 
0.090475 -0.0673874 
0.0905 -0.0673875 
0.090525 -0.0673876 
0.09055 -0.0673877 
0.090575 -0.0673878 
0.0906 -0.0673879 
0.090625 -0.067388 
0.09065 -0.0673881 
0.090675 -0.0673882 
0.0907 -0.0673883 
0.090725 -0.0673884 
0.09075 -0.0673884 
0.090775 -0.0673885 
0.0908 -0.0673886 
0.090825 -0.0673887 
0.09085 -0.0673888 
0.090875 -0.0673889 
0.0909 -0.067389 
0.090925 -0.0673891 
0.09095 -0.0673892 
0.090975 -0.0673893 
0.091 -0.0673894 
0.091025 -0.0673894 
0.09105 -0.0673895 
0.091075 -0.0673896 
0.0911 -0.0673897 
0.091125 -0.0673898 
0.09115 -0.0673899 
0.091175 -0.06739 
0.0912 -0.0673901 
0.091225 -0.0673902 
0.09125 -0.0673902 
0.091275 -0.0673903 
0.0913 -0.0673904 
0.091325 -0.0673905 
0.09135 -0.0673906 
0.091375 -0.0673907 
0.0914 -0.0673908 
0.091425 -0.0673908 
0.09145 -0.0673909 
0.091475 -0.067391 
0.0915 -0.0673911 
0.091525 -0.0673912 
0.09155 -0.0673913 
0.091575 -0.0673913 
0.0916 -0.0673914 
0.091625 -0.0673915 
0.09165 -0.0673916 
0.091675 -0.0673917 
0.0917 -0.0673918 
0.091725 -0.0673919 
0.09175 -0.0673919 
0.091775 -0.067392 
0.0918 -0.0673921 
0.091825 -0.0673922 
0.09185 -0.0673923 
0.091875 -0.0673924 
0.0919 -0.0673924 
0.091925 -0.0673925 
0.09195 -0.0673926 
0.091975 -0.0673927 
0.092 -0.0673928 
0.092025 -0.0673929 
0.09205 -0.0673929 
0.092075 -0.067393 
0.0921 -0.0673931 
0.092125 -0.0673932 
0.09215 -0.0673933 
0.092175 -0.0673934 
0.0922 -0.0673934 
0.092225 -0.0673935 
0.09225 -0.0673936 
0.092275 -0.0673937 
0.0923 -0.0673938 
0.092325 -0.0673938 
0.09235 -0.0673939 
0.092375 -0.067394 
0.0924 -0.0673941 
0.092425 -0.0673941 
0.09245 -0.0673942 
0.092475 -0.0673943 
0.0925 -0.0673944 
0.092525 -0.0673945 
0.09255 -0.0673945 
0.092575 -0.0673946 
0.0926 -0.0673947 
0.092625 -0.0673948 
0.09265 -0.0673948 
0.092675 -0.0673949 
0.0927 -0.067395 
0.092725 -0.0673951 
0.09275 -0.0673952 
0.092775 -0.0673952 
0.0928 -0.0673953 
0.092825 -0.0673954 
0.09285 -0.0673955 
0.092875 -0.0673956 
0.0929 -0.0673957 
0.092925 -0.0673958 
0.09295 -0.0673959 
0.092975 -0.067396 
0.093 -0.0673961 
0.093025 -0.0673962 
0.09305 -0.0673962 
0.093075 -0.0673963 
0.0931 -0.0673964 
0.093125 -0.0673965 
0.09315 -0.0673966 
0.093175 -0.0673967 
0.0932 -0.0673968 
0.093225 -0.0673968 
0.09325 -0.0673969 
0.093275 -0.067397 
0.0933 -0.0673971 
0.093325 -0.0673972 
0.09335 -0.0673972 
0.093375 -0.0673973 
0.0934 -0.0673974 
0.093425 -0.0673975 
0.09345 -0.0673976 
0.093475 -0.0673976 
0.0935 -0.0673977 
0.093525 -0.0673978 
0.09355 -0.0673979 
0.093575 -0.0673979 
0.0936 -0.067398 
0.093625 -0.0673981 
0.09365 -0.0673982 
0.093675 -0.0673984 
0.0937 -0.0673985 
0.093725 -0.0673986 
0.09375 -0.0673987 
0.093775 -0.0673988 
0.0938 -0.067399 
0.093825 -0.0673991 
0.09385 -0.0673992 
0.093875 -0.0673993 
0.0939 -0.0673994 
0.093925 -0.0673996 
0.09395 -0.0673997 
0.093975 -0.0673998 
0.094 -0.0673999 
0.094025 -0.0674 
0.09405 -0.0674002 
0.094075 -0.0674004 
0.0941 -0.0674007 
0.094125 -0.067401 
0.09415 -0.0674014 
0.094175 -0.0674017 
0.0942 -0.067402 
0.094225 -0.0674023 
0.09425 -0.0674027 
0.094275 -0.067403 
0.0943 -0.0674033 
0.094325 -0.0674035 
0.09435 -0.0674038 
0.094375 -0.0674041 
0.0944 -0.0674043 
0.094425 -0.0674045 
0.09445 -0.0674048 
0.094475 -0.067405 
0.0945 -0.0674052 
0.094525 -0.0674054 
0.09455 -0.0674056 
0.094575 -0.0674058 
0.0946 -0.0674059 
0.094625 -0.0674061 
0.09465 -0.0674063 
0.094675 -0.0674065 
0.0947 -0.0674066 
0.094725 -0.0674068 
0.09475 -0.067407 
0.094775 -0.0674071 
0.0948 -0.0674073 
0.094825 -0.0674075 
0.09485 -0.0674076 
0.094875 -0.0674078 
0.0949 -0.0674079 
0.094925 -0.067408 
0.09495 -0.0674082 
0.094975 -0.0674083 
0.095 -0.0674085 
0.095025 -0.0674086 
0.09505 -0.0674087 
0.095075 -0.0674088 
0.0951 -0.067409 
0.095125 -0.0674091 
0.09515 -0.0674092 
0.095175 -0.0674093 
0.0952 -0.0674094 
0.095225 -0.0674095 
0.09525 -0.0674097 
0.095275 -0.0674098 
0.0953 -0.0674099 
0.095325 -0.06741 
0.09535 -0.0674101 
0.095375 -0.0674102 
0.0954 -0.0674103 
0.095425 -0.0674104 
0.09545 -0.0674105 
0.095475 -0.0674106 
0.0955 -0.0674107 
0.095525 -0.0674108 
0.09555 -0.0674109 
0.095575 -0.067411 
0.0956 -0.0674111 
0.095625 -0.0674112 
0.09565 -0.0674113 
0.095675 -0.0674114 
0.0957 -0.0674115 
0.095725 -0.0674116 
0.09575 -0.0674117 
0.095775 -0.0674118 
0.0958 -0.0674119 
0.095825 -0.0674121 
0.09585 -0.0674122 
0.095875 -0.0674123 
0.0959 -0.0674124 
0.095925 -0.0674125 
0.09595 -0.0674127 
0.095975 -0.0674128 
0.096 -0.0674129 
0.096025 -0.067413 
0.09605 -0.0674131 
0.096075 -0.0674132 
0.0961 -0.0674134 
0.096125 -0.0674135 
0.09615 -0.0674136 
0.096175 -0.0674137 
0.0962 -0.0674138 
0.096225 -0.0674139 
0.09625 -0.067414 
0.096275 -0.0674141 
0.0963 -0.0674142 
0.096325 -0.0674143 
0.09635 -0.0674144 
0.096375 -0.0674145 
0.0964 -0.0674146 
0.096425 -0.0674147 
0.09645 -0.0674148 
0.096475 -0.0674149 
0.0965 -0.067415 
0.096525 -0.0674151 
0.09655 -0.0674152 
0.096575 -0.0674153 
0.0966 -0.0674154 
0.096625 -0.0674155 
0.09665 -0.0674156 
0.096675 -0.0674156 
0.0967 -0.0674157 
0.096725 -0.0674158 
0.09675 -0.0674159 
0.096775 -0.067416 
0.0968 -0.0674161 
0.096825 -0.0674162 
0.09685 -0.0674163 
0.096875 -0.0674163 
0.0969 -0.0674164 
0.096925 -0.0674165 
0.09695 -0.0674166 
0.096975 -0.0674167 
0.097 -0.0674168 
0.097025 -0.0674168 
0.09705 -0.0674169 
0.097075 -0.067417 
0.0971 -0.0674171 
0.097125 -0.0674172 
0.09715 -0.0674172 
0.097175 -0.0674173 
0.0972 -0.0674174 
0.097225 -0.0674175 
0.09725 -0.0674176 
0.097275 -0.0674176 
0.0973 -0.0674177 
0.097325 -0.0674178 
0.09735 -0.0674179 
0.097375 -0.067418 
0.0974 -0.067418 
0.097425 -0.0674181 
0.09745 -0.0674182 
0.097475 -0.0674183 
0.0975 -0.0674184 
0.097525 -0.0674184 
0.09755 -0.0674185 
0.097575 -0.0674186 
0.0976 -0.0674187 
0.097625 -0.0674187 
0.09765 -0.0674188 
0.097675 -0.0674189 
0.0977 -0.067419 
0.097725 -0.067419 
0.09775 -0.0674191 
0.097775 -0.0674192 
0.0978 -0.0674193 
0.097825 -0.0674193 
0.09785 -0.0674194 
0.097875 -0.0674195 
0.0979 -0.0674196 
0.097925 -0.0674196 
0.09795 -0.0674197 
0.097975 -0.0674198 
0.098 -0.0674199 
0.098025 -0.0674199 
0.09805 -0.06742 
0.098075 -0.0674201 
0.0981 -0.0674202 
0.098125 -0.0674202 
0.09815 -0.0674203 
0.098175 -0.0674204 
0.0982 -0.0674204 
0.098225 -0.0674205 
0.09825 -0.0674206 
0.098275 -0.0674207 
0.0983 -0.0674207 
0.098325 -0.0674208 
0.09835 -0.0674209 
0.098375 -0.067421 
0.0984 -0.067421 
0.098425 -0.0674211 
0.09845 -0.0674212 
0.098475 -0.0674212 
0.0985 -0.0674213 
0.098525 -0.0674214 
0.09855 -0.0674214 
0.098575 -0.0674215 
0.0986 -0.0674216 
0.098625 -0.0674217 
0.09865 -0.0674217 
0.098675 -0.0674218 
0.0987 -0.0674219 
0.098725 -0.0674219 
0.09875 -0.067422 
0.098775 -0.0674221 
0.0988 -0.0674222 
0.098825 -0.0674222 
0.09885 -0.0674223 
0.098875 -0.0674224 
0.0989 -0.0674224 
0.098925 -0.0674225 
0.09895 -0.0674226 
0.098975 -0.0674226 
0.099 -0.0674227 
0.099025 -0.0674228 
0.09905 -0.0674228 
0.099075 -0.0674229 
0.0991 -0.067423 
0.099125 -0.0674231 
0.09915 -0.0674231 
0.099175 -0.0674232 
0.0992 -0.0674233 
0.099225 -0.0674233 
0.09925 -0.0674234 
0.099275 -0.0674235 
0.0993 -0.0674235 
0.099325 -0.0674236 
0.09935 -0.0674237 
0.099375 -0.0674237 
0.0994 -0.0674238 
0.099425 -0.0674239 
0.09945 -0.0674239 
0.099475 -0.067424 
0.0995 -0.0674241 
0.099525 -0.0674241 
0.09955 -0.0674242 
0.099575 -0.0674243 
0.0996 -0.0674244 
0.099625 -0.0674244 
0.09965 -0.0674245 
0.099675 -0.0674246 
0.0997 -0.0674246 
0.099725 -0.0674247 
0.09975 -0.0674248 
0.099775 -0.0674248 
0.0998 -0.0674249 
0.099825 -0.067425 
0.09985 -0.067425 
0.099875 -0.0674251 
0.0999 -0.0674251 
0.099925 -0.0674252 
0.09995 -0.0674253 
0.099975 -0.0674253 
