0 -0.0668658 
2.5e-05 -0.0669293 
5e-05 -0.0669848 
7.5e-05 -0.0670294 
0.0001 -0.0670632 
0.000125 -0.0670846 
0.00015 -0.0670921 
0.000175 -0.0670848 
0.0002 -0.0670626 
0.000225 -0.0670255 
0.00025 -0.0669743 
0.000275 -0.0669097 
0.0003 -0.0668326 
0.000325 -0.0667441 
0.00035 -0.0666453 
0.000375 -0.066537 
0.0004 -0.0664203 
0.000425 -0.0662959 
0.00045 -0.0661648 
0.000475 -0.0660275 
0.0005 -0.0658847 
0.000525 -0.0657369 
0.00055 -0.0655848 
0.000575 -0.0654285 
0.0006 -0.0652686 
0.000625 -0.0651053 
0.00065 -0.0649389 
0.000675 -0.0647695 
0.0007 -0.0645972 
0.000725 -0.0644223 
0.00075 -0.0642448 
0.000775 -0.0640646 
0.0008 -0.0638819 
0.000825 -0.0636966 
0.00085 -0.0635086 
0.000875 -0.0633178 
0.0009 -0.0631241 
0.000925 -0.0629274 
0.00095 -0.0627274 
0.000975 -0.062524 
0.001 -0.062317 
0.001025 -0.0621059 
0.00105 -0.0618906 
0.001075 -0.0616706 
0.0011 -0.0614455 
0.001125 -0.0612149 
0.00115 -0.0609782 
0.001175 -0.0607349 
0.0012 -0.0604843 
0.001225 -0.0602257 
0.00125 -0.059958 
0.001275 -0.0596804 
0.0013 -0.0593917 
0.001325 -0.0590907 
0.00135 -0.0587758 
0.001375 -0.0584453 
0.0014 -0.0580971 
0.001425 -0.0577288 
0.00145 -0.0573376 
0.001475 -0.0569199 
0.0015 -0.0564717 
0.001525 -0.0559878 
0.00155 -0.055462 
0.001575 -0.0548867 
0.0016 -0.054252 
0.001625 -0.0535452 
0.00165 -0.0527497 
0.001675 -0.0518436 
0.0017 -0.0507968 
0.001725 -0.0495681 
0.00175 -0.0480981 
0.001775 -0.0462983 
0.0018 -0.0440345 
0.001825 -0.0410956 
0.00185 -0.0371386 
0.001875 -0.0315885 
0.0019 -0.0233351 
0.001925 -0.00968052 
0.00195 0.0132932 
0.001975 0.0320416 
0.002 0.0367017 
0.002025 0.0371792 
0.00205 0.0367711 
0.002075 0.0361148 
0.0021 0.0353636 
0.002125 0.0345678 
0.00215 0.0337485 
0.002175 0.0329166 
0.0022 0.0320781 
0.002225 0.0312362 
0.00225 0.0303937 
0.002275 0.0295528 
0.0023 0.0287152 
0.002325 0.0278818 
0.00235 0.0270525 
0.002375 0.0262269 
0.0024 0.0254042 
0.002425 0.024584 
0.00245 0.0237661 
0.002475 0.0229505 
0.0025 0.0221381 
0.002525 0.0213298 
0.00255 0.0205271 
0.002575 0.0197313 
0.0026 0.0189436 
0.002625 0.0181648 
0.00265 0.0173957 
0.002675 0.0166366 
0.0027 0.0158878 
0.002725 0.0151493 
0.00275 0.0144212 
0.002775 0.0137033 
0.0028 0.0129955 
0.002825 0.0122977 
0.00285 0.0116099 
0.002875 0.0109318 
0.0029 0.0102633 
0.002925 0.00960421 
0.00295 0.00895439 
0.002975 0.00831351 
0.003 0.00768124 
0.003025 0.00705737 
0.00305 0.00644144 
0.003075 0.0058331 
0.0031 0.00523195 
0.003125 0.0046375 
0.00315 0.00404927 
0.003175 0.00346666 
0.0032 0.00288957 
0.003225 0.00231713 
0.00325 0.00174897 
0.003275 0.00118418 
0.0033 0.000622241 
0.003325 6.23135e-05 
0.00335 -0.000496337 
0.003375 -0.00105487 
0.0034 -0.00161433 
0.003425 -0.00217593 
0.00345 -0.00274095 
0.003475 -0.00331018 
0.0035 -0.00388486 
0.003525 -0.00446527 
0.00355 -0.00505117 
0.003575 -0.00564193 
0.0036 -0.00623537 
0.003625 -0.00682887 
0.00365 -0.00741917 
0.003675 -0.0080029 
0.0037 -0.00857679 
0.003725 -0.00913816 
0.00375 -0.00968487 
0.003775 -0.0102154 
0.0038 -0.0107298 
0.003825 -0.0112263 
0.00385 -0.0117062 
0.003875 -0.0121692 
0.0039 -0.0126154 
0.003925 -0.0130459 
0.00395 -0.0134608 
0.003975 -0.0138611 
0.004 -0.0142474 
0.004025 -0.0146196 
0.00405 -0.0149791 
0.004075 -0.0153261 
0.0041 -0.0156611 
0.004125 -0.015985 
0.00415 -0.0162982 
0.004175 -0.0166012 
0.0042 -0.0168946 
0.004225 -0.0171788 
0.00425 -0.0174543 
0.004275 -0.0177213 
0.0043 -0.0179803 
0.004325 -0.0182324 
0.00435 -0.0184775 
0.004375 -0.0187156 
0.0044 -0.0189471 
0.004425 -0.0191725 
0.00445 -0.0193922 
0.004475 -0.0196062 
0.0045 -0.019815 
0.004525 -0.0200189 
0.00455 -0.0202179 
0.004575 -0.0204124 
0.0046 -0.0206028 
0.004625 -0.0207891 
0.00465 -0.0209712 
0.004675 -0.0211494 
0.0047 -0.0213238 
0.004725 -0.0214946 
0.00475 -0.0216617 
0.004775 -0.0218253 
0.0048 -0.0219857 
0.004825 -0.022143 
0.00485 -0.022297 
0.004875 -0.0224479 
0.0049 -0.0225957 
0.004925 -0.0227406 
0.00495 -0.0228824 
0.004975 -0.0230214 
0.005 -0.0231575 
0.005025 -0.0232909 
0.00505 -0.0234217 
0.005075 -0.0235496 
0.0051 -0.0236746 
0.005125 -0.0237971 
0.00515 -0.0239171 
0.005175 -0.0240349 
0.0052 -0.0241502 
0.005225 -0.0242635 
0.00525 -0.0243744 
0.005275 -0.0244832 
0.0053 -0.0245899 
0.005325 -0.0246945 
0.00535 -0.024797 
0.005375 -0.0248973 
0.0054 -0.0249957 
0.005425 -0.0250922 
0.00545 -0.0251868 
0.005475 -0.0252794 
0.0055 -0.0253701 
0.005525 -0.0254588 
0.00555 -0.0255456 
0.005575 -0.02563 
0.0056 -0.0257121 
0.005625 -0.0257918 
0.00565 -0.0258689 
0.005675 -0.0259433 
0.0057 -0.026015 
0.005725 -0.0260834 
0.00575 -0.0261485 
0.005775 -0.0262101 
0.0058 -0.0262677 
0.005825 -0.026321 
0.00585 -0.0263691 
0.005875 -0.0264115 
0.0059 -0.0264473 
0.005925 -0.0264757 
0.00595 -0.0264948 
0.005975 -0.0265029 
0.006 -0.0264991 
0.006025 -0.0264783 
0.00605 -0.0264366 
0.006075 -0.0263674 
0.0061 -0.0262607 
0.006125 -0.0261006 
0.00615 -0.0258598 
0.006175 -0.0254867 
0.0062 -0.0248824 
0.006225 -0.0239285 
0.00625 -0.0227513 
0.006275 -0.0216332 
0.0063 -0.0206613 
0.006325 -0.0198196 
0.00635 -0.0190863 
0.006375 -0.0184504 
0.0064 -0.0179063 
0.006425 -0.017451 
0.00645 -0.0170812 
0.006475 -0.0167934 
0.0065 -0.0165835 
0.006525 -0.0164469 
0.00655 -0.0163784 
0.006575 -0.0163761 
0.0066 -0.0164363 
0.006625 -0.0165545 
0.00665 -0.0167253 
0.006675 -0.0169426 
0.0067 -0.0172012 
0.006725 -0.0174967 
0.00675 -0.0178244 
0.006775 -0.0181805 
0.0068 -0.018561 
0.006825 -0.0189628 
0.00685 -0.0193829 
0.006875 -0.0198187 
0.0069 -0.0202683 
0.006925 -0.0207297 
0.00695 -0.0212012 
0.006975 -0.021681 
0.007 -0.0221681 
0.007025 -0.0226619 
0.00705 -0.0231617 
0.007075 -0.0236665 
0.0071 -0.0241755 
0.007125 -0.0246884 
0.00715 -0.025205 
0.007175 -0.0257267 
0.0072 -0.0262531 
0.007225 -0.0267854 
0.00725 -0.0273238 
0.007275 -0.02787 
0.0073 -0.028425 
0.007325 -0.0289901 
0.00735 -0.0295668 
0.007375 -0.0301567 
0.0074 -0.030761 
0.007425 -0.0313804 
0.00745 -0.0320147 
0.007475 -0.0326627 
0.0075 -0.0333205 
0.007525 -0.0339826 
0.00755 -0.0346406 
0.007575 -0.0352857 
0.0076 -0.0359088 
0.007625 -0.0365024 
0.00765 -0.0370612 
0.007675 -0.0375822 
0.0077 -0.0380643 
0.007725 -0.0385084 
0.00775 -0.038916 
0.007775 -0.0392893 
0.0078 -0.039631 
0.007825 -0.0399437 
0.00785 -0.0402302 
0.007875 -0.040493 
0.0079 -0.0407344 
0.007925 -0.0409565 
0.00795 -0.0411613 
0.007975 -0.0413504 
0.008 -0.0415252 
0.008025 -0.0416867 
0.00805 -0.0418359 
0.008075 -0.0419736 
0.0081 -0.0421005 
0.008125 -0.0422172 
0.00815 -0.0423244 
0.008175 -0.0424227 
0.0082 -0.0425127 
0.008225 -0.042595 
0.00825 -0.0426702 
0.008275 -0.0427388 
0.0083 -0.0428014 
0.008325 -0.0428585 
0.00835 -0.0429105 
0.008375 -0.0429577 
0.0084 -0.0430006 
0.008425 -0.0430393 
0.00845 -0.0430742 
0.008475 -0.0431054 
0.0085 -0.0431332 
0.008525 -0.0431576 
0.00855 -0.0431792 
0.008575 -0.0431977 
0.0086 -0.0432136 
0.008625 -0.0432271 
0.00865 -0.0432381 
0.008675 -0.0432464 
0.0087 -0.0432524 
0.008725 -0.0432568 
0.00875 -0.0432595 
0.008775 -0.0432604 
0.0088 -0.0432594 
0.008825 -0.0432567 
0.00885 -0.0432525 
0.008875 -0.0432464 
0.0089 -0.0432382 
0.008925 -0.0432283 
0.00895 -0.043217 
0.008975 -0.0432046 
0.009 -0.043191 
0.009025 -0.0431757 
0.00905 -0.0431592 
0.009075 -0.0431418 
0.0091 -0.0431227 
0.009125 -0.0431027 
0.00915 -0.0430815 
0.009175 -0.0430589 
0.0092 -0.0430353 
0.009225 -0.0430103 
0.00925 -0.0429844 
0.009275 -0.0429571 
0.0093 -0.0429286 
0.009325 -0.0428989 
0.00935 -0.042868 
0.009375 -0.0428359 
0.0094 -0.0428024 
0.009425 -0.0427676 
0.00945 -0.0427316 
0.009475 -0.0426942 
0.0095 -0.0426555 
0.009525 -0.0426153 
0.00955 -0.0425737 
0.009575 -0.0425306 
0.0096 -0.0424859 
0.009625 -0.0424396 
0.00965 -0.0423916 
0.009675 -0.0423419 
0.0097 -0.0422904 
0.009725 -0.0422369 
0.00975 -0.0421814 
0.009775 -0.0421237 
0.0098 -0.0420639 
0.009825 -0.0420018 
0.00985 -0.0419371 
0.009875 -0.0418698 
0.0099 -0.0417995 
0.009925 -0.0417262 
0.00995 -0.0416496 
0.009975 -0.0415695 
0.01 -0.0414858 
0.010025 -0.0413982 
0.01005 -0.0413061 
0.010075 -0.0412092 
0.0101 -0.0411071 
0.010125 -0.0409994 
0.01015 -0.0408854 
0.010175 -0.0407646 
0.0102 -0.0406364 
0.010225 -0.0404996 
0.01025 -0.0403531 
0.010275 -0.0401958 
0.0103 -0.0400261 
0.010325 -0.0398423 
0.01035 -0.039642 
0.010375 -0.0394223 
0.0104 -0.0391794 
0.010425 -0.0389087 
0.01045 -0.0386029 
0.010475 -0.0382525 
0.0105 -0.0378433 
0.010525 -0.0373529 
0.01055 -0.0367432 
0.010575 -0.0359423 
0.0106 -0.0347953 
0.010625 -0.0329849 
0.01065 -0.0305069 
0.010675 -0.0279148 
0.0107 -0.0252063 
0.010725 -0.0222495 
0.01075 -0.0189719 
0.010775 -0.0153593 
0.0108 -0.0114651 
0.010825 -0.00743446 
0.01085 -0.00351072 
0.010875 -2.78079e-06 
0.0109 0.00283211 
0.010925 0.00488857 
0.01095 0.00621764 
0.010975 0.00695465 
0.011 0.00724986 
0.011025 0.00723164 
0.01105 0.00699614 
0.011075 0.00661097 
0.0111 0.00612245 
0.011125 0.00556172 
0.01115 0.00495018 
0.011175 0.00430255 
0.0112 0.00362929 
0.011225 0.00293751 
0.01125 0.00223262 
0.011275 0.00151861 
0.0113 0.000798378 
0.011325 7.40888e-05 
0.01135 -0.000652514 
0.011375 -0.00138041 
0.0114 -0.00210863 
0.011425 -0.00283664 
0.01145 -0.00356425 
0.011475 -0.00429129 
0.0115 -0.00501753 
0.011525 -0.0057432 
0.01155 -0.00646871 
0.011575 -0.00719444 
0.0116 -0.0079208 
0.011625 -0.00864856 
0.01165 -0.00937842 
0.011675 -0.0101113 
0.0117 -0.0108485 
0.011725 -0.0115904 
0.01175 -0.012339 
0.011775 -0.0130957 
0.0118 -0.0138626 
0.011825 -0.0146418 
0.01185 -0.0154355 
0.011875 -0.0162467 
0.0119 -0.0170788 
0.011925 -0.0179359 
0.01195 -0.0188226 
0.011975 -0.0197442 
0.012 -0.0207057 
0.012025 -0.0217135 
0.01205 -0.0227703 
0.012075 -0.0238784 
0.0121 -0.0250378 
0.012125 -0.0262437 
0.01215 -0.0274873 
0.012175 -0.0287575 
0.0122 -0.0300412 
0.012225 -0.0313256 
0.01225 -0.0325988 
0.012275 -0.0338507 
0.0123 -0.0350725 
0.012325 -0.0362569 
0.01235 -0.0373978 
0.012375 -0.0384903 
0.0124 -0.0395308 
0.012425 -0.0405163 
0.01245 -0.0414452 
0.012475 -0.0423166 
0.0125 -0.0431305 
0.012525 -0.0438876 
0.01255 -0.0445894 
0.012575 -0.045238 
0.0126 -0.045836 
0.012625 -0.0463861 
0.01265 -0.0468913 
0.012675 -0.0473549 
0.0127 -0.0477803 
0.012725 -0.0481704 
0.01275 -0.0485283 
0.012775 -0.0488566 
0.0128 -0.0491581 
0.012825 -0.0494351 
0.01285 -0.0496899 
0.012875 -0.0499246 
0.0129 -0.050141 
0.012925 -0.0503407 
0.01295 -0.0505253 
0.012975 -0.0506962 
0.013 -0.0508545 
0.013025 -0.0510015 
0.01305 -0.0511382 
0.013075 -0.0512654 
0.0131 -0.0513841 
0.013125 -0.0514949 
0.01315 -0.0515985 
0.013175 -0.0516956 
0.0132 -0.0517867 
0.013225 -0.0518723 
0.01325 -0.0519529 
0.013275 -0.0520288 
0.0133 -0.0521005 
0.013325 -0.0521683 
0.01335 -0.0522325 
0.013375 -0.0522934 
0.0134 -0.0523512 
0.013425 -0.0524061 
0.01345 -0.0524584 
0.013475 -0.0525083 
0.0135 -0.0525559 
0.013525 -0.0526014 
0.01355 -0.052645 
0.013575 -0.0526868 
0.0136 -0.0527268 
0.013625 -0.0527653 
0.01365 -0.0528023 
0.013675 -0.052838 
0.0137 -0.0528724 
0.013725 -0.0529055 
0.01375 -0.0529376 
0.013775 -0.0529686 
0.0138 -0.0529986 
0.013825 -0.0530277 
0.01385 -0.0530559 
0.013875 -0.0530834 
0.0139 -0.05311 
0.013925 -0.053136 
0.01395 -0.0531612 
0.013975 -0.0531859 
0.014 -0.0532098 
0.014025 -0.0532333 
0.01405 -0.0532562 
0.014075 -0.0532787 
0.0141 -0.0533006 
0.014125 -0.0533223 
0.01415 -0.0533435 
0.014175 -0.0533642 
0.0142 -0.0533847 
0.014225 -0.0534047 
0.01425 -0.0534245 
0.014275 -0.0534439 
0.0143 -0.053463 
0.014325 -0.0534819 
0.01435 -0.0535004 
0.014375 -0.0535189 
0.0144 -0.0535371 
0.014425 -0.0535549 
0.01445 -0.0535727 
0.014475 -0.0535903 
0.0145 -0.0536076 
0.014525 -0.0536249 
0.01455 -0.053642 
0.014575 -0.0536588 
0.0146 -0.0536757 
0.014625 -0.0536925 
0.01465 -0.053709 
0.014675 -0.0537256 
0.0147 -0.053742 
0.014725 -0.0537582 
0.01475 -0.0537746 
0.014775 -0.0537909 
0.0148 -0.0538071 
0.014825 -0.0538235 
0.01485 -0.0538397 
0.014875 -0.0538558 
0.0149 -0.053872 
0.014925 -0.0538882 
0.01495 -0.0539042 
0.014975 -0.0539203 
0.015 -0.0539365 
0.015025 -0.0539524 
0.01505 -0.0539685 
0.015075 -0.0539846 
0.0151 -0.0540005 
0.015125 -0.0540166 
0.01515 -0.0540327 
0.015175 -0.0540487 
0.0152 -0.0540648 
0.015225 -0.0540811 
0.01525 -0.0540973 
0.015275 -0.0541136 
0.0153 -0.0541302 
0.015325 -0.0541466 
0.01535 -0.054163 
0.015375 -0.0541796 
0.0154 -0.0541961 
0.015425 -0.0542126 
0.01545 -0.0542294 
0.015475 -0.054246 
0.0155 -0.0542628 
0.015525 -0.0542799 
0.01555 -0.0542969 
0.015575 -0.054314 
0.0156 -0.0543313 
0.015625 -0.0543485 
0.01565 -0.0543658 
0.015675 -0.0543833 
0.0157 -0.0544007 
0.015725 -0.0544184 
0.01575 -0.0544363 
0.015775 -0.054454 
0.0158 -0.054472 
0.015825 -0.0544901 
0.01585 -0.0545081 
0.015875 -0.0545265 
0.0159 -0.0545449 
0.015925 -0.0545634 
0.01595 -0.0545821 
0.015975 -0.0546007 
0.016 -0.0546195 
0.016025 -0.0546386 
0.01605 -0.0546576 
0.016075 -0.0546769 
0.0161 -0.0546962 
0.016125 -0.0547156 
0.01615 -0.0547354 
0.016175 -0.054755 
0.0162 -0.054775 
0.016225 -0.054795 
0.01625 -0.0548151 
0.016275 -0.0548355 
0.0163 -0.0548559 
0.016325 -0.0548765 
0.01635 -0.0548972 
0.016375 -0.0549181 
0.0164 -0.0549392 
0.016425 -0.0549602 
0.01645 -0.0549817 
0.016475 -0.0550031 
0.0165 -0.0550248 
0.016525 -0.0550466 
0.01655 -0.0550686 
0.016575 -0.0550909 
0.0166 -0.0551131 
0.016625 -0.0551356 
0.01665 -0.0551582 
0.016675 -0.0551811 
0.0167 -0.055204 
0.016725 -0.0552273 
0.01675 -0.0552506 
0.016775 -0.0552742 
0.0168 -0.0552979 
0.016825 -0.0553218 
0.01685 -0.0553459 
0.016875 -0.0553702 
0.0169 -0.0553947 
0.016925 -0.0554193 
0.01695 -0.0554442 
0.016975 -0.0554691 
0.017 -0.0554944 
0.017025 -0.0555197 
0.01705 -0.0555453 
0.017075 -0.0555711 
0.0171 -0.0555971 
0.017125 -0.0556233 
0.01715 -0.0556497 
0.017175 -0.0556764 
0.0172 -0.0557031 
0.017225 -0.0557302 
0.01725 -0.0557574 
0.017275 -0.0557848 
0.0173 -0.0558124 
0.017325 -0.0558403 
0.01735 -0.0558683 
0.017375 -0.0558965 
0.0174 -0.055925 
0.017425 -0.0559537 
0.01745 -0.0559826 
0.017475 -0.0560118 
0.0175 -0.0560412 
0.017525 -0.0560707 
0.01755 -0.0561004 
0.017575 -0.0561305 
0.0176 -0.0561607 
0.017625 -0.0561913 
0.01765 -0.056222 
0.017675 -0.056253 
0.0177 -0.0562842 
0.017725 -0.0563155 
0.01775 -0.0563471 
0.017775 -0.056379 
0.0178 -0.056411 
0.017825 -0.0564433 
0.01785 -0.0564757 
0.017875 -0.0565083 
0.0179 -0.0565413 
0.017925 -0.0565745 
0.01795 -0.0566078 
0.017975 -0.0566415 
0.018 -0.0566754 
0.018025 -0.0567094 
0.01805 -0.0567437 
0.018075 -0.0567782 
0.0181 -0.0568129 
0.018125 -0.0568478 
0.01815 -0.056883 
0.018175 -0.0569184 
0.0182 -0.0569539 
0.018225 -0.0569898 
0.01825 -0.0570258 
0.018275 -0.0570619 
0.0183 -0.0570983 
0.018325 -0.0571349 
0.01835 -0.0571716 
0.018375 -0.0572085 
0.0184 -0.0572456 
0.018425 -0.0572829 
0.01845 -0.0573203 
0.018475 -0.0573579 
0.0185 -0.0573957 
0.018525 -0.0574337 
0.01855 -0.0574717 
0.018575 -0.0575099 
0.0186 -0.0575483 
0.018625 -0.0575868 
0.01865 -0.0576254 
0.018675 -0.0576641 
0.0187 -0.057703 
0.018725 -0.057742 
0.01875 -0.057781 
0.018775 -0.0578202 
0.0188 -0.0578595 
0.018825 -0.0578989 
0.01885 -0.0579384 
0.018875 -0.0579779 
0.0189 -0.0580175 
0.018925 -0.0580572 
0.01895 -0.0580969 
0.018975 -0.0581367 
0.019 -0.0581765 
0.019025 -0.0582164 
0.01905 -0.0582562 
0.019075 -0.0582962 
0.0191 -0.0583361 
0.019125 -0.058376 
0.01915 -0.058416 
0.019175 -0.0584559 
0.0192 -0.0584958 
0.019225 -0.0585357 
0.01925 -0.0585756 
0.019275 -0.0586154 
0.0193 -0.0586552 
0.019325 -0.0586951 
0.01935 -0.0587348 
0.019375 -0.0587745 
0.0194 -0.0588141 
0.019425 -0.0588537 
0.01945 -0.0588932 
0.019475 -0.0589327 
0.0195 -0.058972 
0.019525 -0.0590113 
0.01955 -0.0590505 
0.019575 -0.0590896 
0.0196 -0.0591286 
0.019625 -0.0591675 
0.01965 -0.0592062 
0.019675 -0.0592449 
0.0197 -0.0592834 
0.019725 -0.0593218 
0.01975 -0.0593601 
0.019775 -0.0593983 
0.0198 -0.0594363 
0.019825 -0.0594742 
0.01985 -0.059512 
0.019875 -0.0595496 
0.0199 -0.059587 
0.019925 -0.0596243 
0.01995 -0.0596615 
0.019975 -0.0596985 
0.02 -0.0597353 
0.020025 -0.059772 
0.02005 -0.0598085 
0.020075 -0.0598449 
0.0201 -0.059881 
0.020125 -0.059917 
0.02015 -0.0599528 
0.020175 -0.0599884 
0.0202 -0.0600238 
0.020225 -0.060059 
0.02025 -0.0600941 
0.020275 -0.060129 
0.0203 -0.0601636 
0.020325 -0.0601981 
0.02035 -0.0602324 
0.020375 -0.0602665 
0.0204 -0.0603004 
0.020425 -0.0603342 
0.02045 -0.0603677 
0.020475 -0.060401 
0.0205 -0.0604342 
0.020525 -0.0604671 
0.02055 -0.0604998 
0.020575 -0.0605323 
0.0206 -0.0605646 
0.020625 -0.0605967 
0.02065 -0.0606286 
0.020675 -0.0606603 
0.0207 -0.0606918 
0.020725 -0.0607231 
0.02075 -0.0607541 
0.020775 -0.060785 
0.0208 -0.0608157 
0.020825 -0.0608462 
0.02085 -0.0608764 
0.020875 -0.0609064 
0.0209 -0.0609363 
0.020925 -0.0609659 
0.02095 -0.0609953 
0.020975 -0.0610245 
0.021 -0.0610535 
0.021025 -0.0610823 
0.02105 -0.0611109 
0.021075 -0.0611393 
0.0211 -0.0611674 
0.021125 -0.0611954 
0.02115 -0.0612231 
0.021175 -0.0612507 
0.0212 -0.061278 
0.021225 -0.0613051 
0.02125 -0.0613321 
0.021275 -0.0613588 
0.0213 -0.0613853 
0.021325 -0.0614116 
0.02135 -0.0614377 
0.021375 -0.0614636 
0.0214 -0.0614893 
0.021425 -0.0615148 
0.02145 -0.0615401 
0.021475 -0.0615652 
0.0215 -0.0615901 
0.021525 -0.0616147 
0.02155 -0.0616392 
0.021575 -0.0616635 
0.0216 -0.0616876 
0.021625 -0.0617115 
0.02165 -0.0617352 
0.021675 -0.0617586 
0.0217 -0.0617819 
0.021725 -0.061805 
0.02175 -0.061828 
0.021775 -0.0618507 
0.0218 -0.0618732 
0.021825 -0.0618955 
0.02185 -0.0619177 
0.021875 -0.0619396 
0.0219 -0.0619613 
0.021925 -0.0619829 
0.02195 -0.0620043 
0.021975 -0.0620255 
0.022 -0.0620465 
0.022025 -0.0620673 
0.02205 -0.062088 
0.022075 -0.0621083 
0.0221 -0.0621286 
0.022125 -0.0621487 
0.02215 -0.0621686 
0.022175 -0.0621883 
0.0222 -0.0622077 
0.022225 -0.0622271 
0.02225 -0.0622462 
0.022275 -0.0622651 
0.0223 -0.0622839 
0.022325 -0.0623025 
0.02235 -0.0623209 
0.022375 -0.0623392 
0.0224 -0.0623572 
0.022425 -0.0623752 
0.02245 -0.0623929 
0.022475 -0.0624104 
0.0225 -0.0624278 
0.022525 -0.062445 
0.02255 -0.062462 
0.022575 -0.0624789 
0.0226 -0.0624956 
0.022625 -0.0625121 
0.02265 -0.0625285 
0.022675 -0.0625446 
0.0227 -0.0625606 
0.022725 -0.0625765 
0.02275 -0.0625921 
0.022775 -0.0626076 
0.0228 -0.0626229 
0.022825 -0.0626381 
0.02285 -0.0626531 
0.022875 -0.0626679 
0.0229 -0.0626827 
0.022925 -0.0626971 
0.02295 -0.0627115 
0.022975 -0.0627258 
0.023 -0.0627398 
0.023025 -0.0627536 
0.02305 -0.0627673 
0.023075 -0.0627809 
0.0231 -0.0627943 
0.023125 -0.0628075 
0.02315 -0.0628206 
0.023175 -0.0628336 
0.0232 -0.0628463 
0.023225 -0.0628589 
0.02325 -0.0628715 
0.023275 -0.0628838 
0.0233 -0.0628959 
0.023325 -0.0629079 
0.02335 -0.0629198 
0.023375 -0.0629315 
0.0234 -0.062943 
0.023425 -0.0629543 
0.02345 -0.0629656 
0.023475 -0.0629768 
0.0235 -0.0629878 
0.023525 -0.0629985 
0.02355 -0.0630091 
0.023575 -0.0630197 
0.0236 -0.0630301 
0.023625 -0.0630403 
0.02365 -0.0630503 
0.023675 -0.0630603 
0.0237 -0.0630701 
0.023725 -0.0630798 
0.02375 -0.0630893 
0.023775 -0.0630986 
0.0238 -0.0631078 
0.023825 -0.0631169 
0.02385 -0.0631259 
0.023875 -0.0631348 
0.0239 -0.0631434 
0.023925 -0.0631518 
0.02395 -0.0631602 
0.023975 -0.0631685 
0.024 -0.0631766 
0.024025 -0.0631847 
0.02405 -0.0631925 
0.024075 -0.0632001 
0.0241 -0.0632076 
0.024125 -0.0632151 
0.02415 -0.0632225 
0.024175 -0.0632296 
0.0242 -0.0632366 
0.024225 -0.0632435 
0.02425 -0.0632501 
0.024275 -0.0632567 
0.0243 -0.0632633 
0.024325 -0.0632698 
0.02435 -0.0632761 
0.024375 -0.0632822 
0.0244 -0.0632881 
0.024425 -0.0632938 
0.02445 -0.0632994 
0.024475 -0.0633049 
0.0245 -0.0633104 
0.024525 -0.0633159 
0.02455 -0.0633211 
0.024575 -0.0633262 
0.0246 -0.0633311 
0.024625 -0.0633359 
0.02465 -0.0633405 
0.024675 -0.063345 
0.0247 -0.0633493 
0.024725 -0.0633536 
0.02475 -0.0633578 
0.024775 -0.063362 
0.0248 -0.0633661 
0.024825 -0.06337 
0.02485 -0.0633737 
0.024875 -0.0633774 
0.0249 -0.0633808 
0.024925 -0.0633841 
0.02495 -0.0633872 
0.024975 -0.0633901 
0.025 -0.0633929 
0.025025 -0.0633955 
0.02505 -0.0633979 
0.025075 -0.0634003 
0.0251 -0.0634026 
0.025125 -0.063405 
0.02515 -0.0634074 
0.025175 -0.0634097 
0.0252 -0.0634119 
0.025225 -0.063414 
0.02525 -0.063416 
0.025275 -0.0634179 
0.0253 -0.0634196 
0.025325 -0.0634211 
0.02535 -0.0634226 
0.025375 -0.0634238 
0.0254 -0.0634249 
0.025425 -0.0634258 
0.02545 -0.0634266 
0.025475 -0.0634273 
0.0255 -0.0634278 
0.025525 -0.0634282 
0.02555 -0.0634285 
0.025575 -0.0634287 
0.0256 -0.0634288 
0.025625 -0.0634287 
0.02565 -0.0634285 
0.025675 -0.0634282 
0.0257 -0.0634278 
0.025725 -0.0634272 
0.02575 -0.0634266 
0.025775 -0.0634259 
0.0258 -0.063425 
0.025825 -0.0634241 
0.02585 -0.063423 
0.025875 -0.0634218 
0.0259 -0.0634205 
0.025925 -0.0634191 
0.02595 -0.0634175 
0.025975 -0.0634159 
0.026 -0.0634141 
0.026025 -0.0634123 
0.02605 -0.0634104 
0.026075 -0.0634084 
0.0261 -0.0634063 
0.026125 -0.0634042 
0.02615 -0.0634019 
0.026175 -0.0633995 
0.0262 -0.0633969 
0.026225 -0.0633941 
0.02625 -0.0633911 
0.026275 -0.0633879 
0.0263 -0.0633847 
0.026325 -0.0633815 
0.02635 -0.0633781 
0.026375 -0.0633746 
0.0264 -0.0633711 
0.026425 -0.0633674 
0.02645 -0.0633636 
0.026475 -0.0633597 
0.0265 -0.0633557 
0.026525 -0.0633517 
0.02655 -0.0633476 
0.026575 -0.0633432 
0.0266 -0.0633386 
0.026625 -0.063334 
0.02665 -0.0633292 
0.026675 -0.0633244 
0.0267 -0.0633194 
0.026725 -0.0633143 
0.02675 -0.0633092 
0.026775 -0.063304 
0.0268 -0.0632988 
0.026825 -0.0632933 
0.02685 -0.0632877 
0.026875 -0.0632818 
0.0269 -0.0632759 
0.026925 -0.0632699 
0.02695 -0.0632638 
0.026975 -0.0632576 
0.027 -0.0632515 
0.027025 -0.0632452 
0.02705 -0.0632386 
0.027075 -0.0632319 
0.0271 -0.063225 
0.027125 -0.0632181 
0.02715 -0.0632111 
0.027175 -0.0632041 
0.0272 -0.0631971 
0.027225 -0.0631897 
0.02725 -0.0631822 
0.027275 -0.0631745 
0.0273 -0.0631668 
0.027325 -0.063159 
0.02735 -0.0631512 
0.027375 -0.0631433 
0.0274 -0.063135 
0.027425 -0.0631266 
0.02745 -0.0631182 
0.027475 -0.0631097 
0.0275 -0.0631012 
0.027525 -0.0630925 
0.02755 -0.0630836 
0.027575 -0.0630745 
0.0276 -0.0630654 
0.027625 -0.0630562 
0.02765 -0.063047 
0.027675 -0.0630375 
0.0277 -0.0630278 
0.027725 -0.063018 
0.02775 -0.0630082 
0.027775 -0.0629984 
0.0278 -0.0629883 
0.027825 -0.062978 
0.02785 -0.0629676 
0.027875 -0.0629572 
0.0279 -0.0629467 
0.027925 -0.0629359 
0.02795 -0.062925 
0.027975 -0.062914 
0.028 -0.062903 
0.028025 -0.0628918 
0.02805 -0.0628804 
0.028075 -0.0628688 
0.0281 -0.0628572 
0.028125 -0.0628456 
0.02815 -0.0628337 
0.028175 -0.0628216 
0.0282 -0.0628095 
0.028225 -0.0627973 
0.02825 -0.0627848 
0.028275 -0.0627722 
0.0283 -0.0627595 
0.028325 -0.0627468 
0.02835 -0.0627338 
0.028375 -0.0627207 
0.0284 -0.0627074 
0.028425 -0.0626941 
0.02845 -0.0626805 
0.028475 -0.0626668 
0.0285 -0.0626531 
0.028525 -0.0626392 
0.02855 -0.062625 
0.028575 -0.0626108 
0.0286 -0.0625964 
0.028625 -0.0625818 
0.02865 -0.0625671 
0.028675 -0.0625523 
0.0287 -0.0625373 
0.028725 -0.0625221 
0.02875 -0.0625068 
0.028775 -0.0624914 
0.0288 -0.0624758 
0.028825 -0.06246 
0.02885 -0.0624441 
0.028875 -0.062428 
0.0289 -0.0624117 
0.028925 -0.0623953 
0.02895 -0.0623787 
0.028975 -0.062362 
0.029 -0.0623451 
0.029025 -0.062328 
0.02905 -0.0623107 
0.029075 -0.0622933 
0.0291 -0.0622757 
0.029125 -0.0622579 
0.02915 -0.06224 
0.029175 -0.0622218 
0.0292 -0.0622035 
0.029225 -0.0621849 
0.02925 -0.0621662 
0.029275 -0.0621473 
0.0293 -0.0621282 
0.029325 -0.0621089 
0.02935 -0.0620895 
0.029375 -0.0620698 
0.0294 -0.0620499 
0.029425 -0.0620298 
0.02945 -0.0620095 
0.029475 -0.0619891 
0.0295 -0.0619683 
0.029525 -0.0619475 
0.02955 -0.0619263 
0.029575 -0.061905 
0.0296 -0.0618834 
0.029625 -0.0618616 
0.02965 -0.0618397 
0.029675 -0.0618174 
0.0297 -0.0617949 
0.029725 -0.0617722 
0.02975 -0.0617493 
0.029775 -0.061726 
0.0298 -0.0617026 
0.029825 -0.0616789 
0.02985 -0.061655 
0.029875 -0.0616308 
0.0299 -0.0616063 
0.029925 -0.0615816 
0.02995 -0.0615566 
0.029975 -0.0615313 
0.03 -0.0615057 
0.030025 -0.0614799 
0.03005 -0.0614538 
0.030075 -0.0614273 
0.0301 -0.0614006 
0.030125 -0.0613736 
0.03015 -0.0613462 
0.030175 -0.0613185 
0.0302 -0.0612905 
0.030225 -0.0612622 
0.03025 -0.0612336 
0.030275 -0.0612046 
0.0303 -0.0611752 
0.030325 -0.0611455 
0.03035 -0.0611155 
0.030375 -0.0610851 
0.0304 -0.0610543 
0.030425 -0.0610231 
0.03045 -0.0609915 
0.030475 -0.0609595 
0.0305 -0.0609272 
0.030525 -0.0608944 
0.03055 -0.0608611 
0.030575 -0.0608275 
0.0306 -0.0607934 
0.030625 -0.0607588 
0.03065 -0.0607238 
0.030675 -0.0606883 
0.0307 -0.0606522 
0.030725 -0.0606157 
0.03075 -0.0605787 
0.030775 -0.0605411 
0.0308 -0.060503 
0.030825 -0.0604643 
0.03085 -0.0604251 
0.030875 -0.0603852 
0.0309 -0.0603448 
0.030925 -0.0603037 
0.03095 -0.060262 
0.030975 -0.0602196 
0.031 -0.0601766 
0.031025 -0.0601329 
0.03105 -0.0600885 
0.031075 -0.0600433 
0.0311 -0.0599974 
0.031125 -0.0599507 
0.03115 -0.0599032 
0.031175 -0.0598548 
0.0312 -0.0598056 
0.031225 -0.0597555 
0.03125 -0.0597044 
0.031275 -0.0596525 
0.0313 -0.0595995 
0.031325 -0.0595454 
0.03135 -0.0594904 
0.031375 -0.0594342 
0.0314 -0.0593769 
0.031425 -0.0593184 
0.03145 -0.0592586 
0.031475 -0.0591976 
0.0315 -0.0591353 
0.031525 -0.0590715 
0.03155 -0.0590063 
0.031575 -0.0589396 
0.0316 -0.0588713 
0.031625 -0.0588013 
0.03165 -0.0587297 
0.031675 -0.0586563 
0.0317 -0.058581 
0.031725 -0.0585037 
0.03175 -0.0584242 
0.031775 -0.0583426 
0.0318 -0.0582587 
0.031825 -0.0581723 
0.03185 -0.0580834 
0.031875 -0.0579918 
0.0319 -0.0578973 
0.031925 -0.0577997 
0.03195 -0.0576989 
0.031975 -0.0575946 
0.032 -0.0574868 
0.032025 -0.0573751 
0.03205 -0.0572592 
0.032075 -0.0571389 
0.0321 -0.0570139 
0.032125 -0.0568839 
0.03215 -0.0567483 
0.032175 -0.0566068 
0.0322 -0.0564588 
0.032225 -0.0563039 
0.03225 -0.0561416 
0.032275 -0.0559709 
0.0323 -0.0557911 
0.032325 -0.0556013 
0.03235 -0.0554004 
0.032375 -0.0551872 
0.0324 -0.0549602 
0.032425 -0.0547176 
0.03245 -0.0544575 
0.032475 -0.0541773 
0.0325 -0.0538739 
0.032525 -0.0535436 
0.03255 -0.0531815 
0.032575 -0.052781 
0.0326 -0.0523338 
0.032625 -0.0518274 
0.03265 -0.0512445 
0.032675 -0.0505574 
0.0327 -0.049718 
0.032725 -0.0486314 
0.03275 -0.0470657 
0.032775 -0.0444759 
0.0328 -0.0409323 
0.032825 -0.0369281 
0.03285 -0.0318408 
0.032875 -0.0245294 
0.0329 -0.0133273 
0.032925 0.00355016 
0.03295 0.0223947 
0.032975 0.0315934 
0.033 0.0342581 
0.033025 0.0348979 
0.03305 0.034867 
0.033075 0.0345536 
0.0331 0.0340862 
0.033125 0.0335244 
0.03315 0.0329025 
0.033175 0.032241 
0.0332 0.0315527 
0.033225 0.0308458 
0.03325 0.0301261 
0.033275 0.0293978 
0.0333 0.0286637 
0.033325 0.0279256 
0.03335 0.027184 
0.033375 0.0264389 
0.0334 0.0256897 
0.033425 0.024936 
0.03345 0.0241778 
0.033475 0.023416 
0.0335 0.0226518 
0.033525 0.0218869 
0.03355 0.021123 
0.033575 0.0203618 
0.0336 0.0196045 
0.033625 0.0188522 
0.03365 0.0181056 
0.033675 0.017365 
0.0337 0.0166308 
0.033725 0.0159032 
0.03375 0.0151823 
0.033775 0.014468 
0.0338 0.0137604 
0.033825 0.0130594 
0.03385 0.0123651 
0.033875 0.0116771 
0.0339 0.0109953 
0.033925 0.0103196 
0.03395 0.0096498 
0.033975 0.00898524 
0.034 0.00832573 
0.034025 0.00767053 
0.03405 0.00701922 
0.034075 0.00637113 
0.0341 0.00572553 
0.034125 0.0050815 
0.03415 0.00443827 
0.034175 0.00379478 
0.0342 0.00314988 
0.034225 0.00250219 
0.03425 0.00185076 
0.034275 0.00119431 
0.0343 0.000531348 
0.034325 -0.000138723 
0.03435 -0.000815729 
0.034375 -0.00149946 
0.0344 -0.00218874 
0.034425 -0.00288174 
0.03445 -0.00357577 
0.034475 -0.00426785 
0.0345 -0.00495502 
0.034525 -0.00563483 
0.03455 -0.00630538 
0.034575 -0.00696527 
0.0346 -0.00761309 
0.034625 -0.00824907 
0.03465 -0.00887331 
0.034675 -0.00948612 
0.0347 -0.0100881 
0.034725 -0.0106801 
0.03475 -0.0112629 
0.034775 -0.0118374 
0.0348 -0.0124042 
0.034825 -0.0129641 
0.03485 -0.0135178 
0.034875 -0.0140659 
0.0349 -0.0146092 
0.034925 -0.0151481 
0.03495 -0.015683 
0.034975 -0.0162141 
0.035 -0.0167427 
0.035025 -0.0172688 
0.03505 -0.0177929 
0.035075 -0.0183146 
0.0351 -0.0188355 
0.035125 -0.019354 
0.03515 -0.0198727 
0.035175 -0.0203903 
0.0352 -0.0209063 
0.035225 -0.0214231 
0.03525 -0.0219391 
0.035275 -0.0224539 
0.0353 -0.0229698 
0.035325 -0.0234853 
0.03535 -0.0239993 
0.035375 -0.0245134 
0.0354 -0.0250275 
0.035425 -0.02554 
0.03545 -0.0260503 
0.035475 -0.0265602 
0.0355 -0.027069 
0.035525 -0.0275754 
0.03555 -0.0280786 
0.035575 -0.0285783 
0.0356 -0.0290742 
0.035625 -0.029566 
0.03565 -0.0300537 
0.035675 -0.0305356 
0.0357 -0.0310108 
0.035725 -0.0314796 
0.03575 -0.0319408 
0.035775 -0.032394 
0.0358 -0.0328386 
0.035825 -0.0332742 
0.03585 -0.0337001 
0.035875 -0.034116 
0.0359 -0.0345212 
0.035925 -0.0349154 
0.03595 -0.0352982 
0.035975 -0.0356692 
0.036 -0.0360285 
0.036025 -0.0363757 
0.03605 -0.0367108 
0.036075 -0.0370336 
0.0361 -0.0373442 
0.036125 -0.0376426 
0.03615 -0.0379289 
0.036175 -0.0382032 
0.0362 -0.0384657 
0.036225 -0.0387163 
0.03625 -0.0389555 
0.036275 -0.0391836 
0.0363 -0.0394007 
0.036325 -0.0396072 
0.03635 -0.0398034 
0.036375 -0.0399897 
0.0364 -0.0401663 
0.036425 -0.0403337 
0.03645 -0.0404921 
0.036475 -0.040642 
0.0365 -0.0407837 
0.036525 -0.0409176 
0.03655 -0.0410441 
0.036575 -0.0411636 
0.0366 -0.0412764 
0.036625 -0.0413828 
0.03665 -0.0414831 
0.036675 -0.0415776 
0.0367 -0.0416665 
0.036725 -0.0417501 
0.03675 -0.0418287 
0.036775 -0.0419024 
0.0368 -0.0419715 
0.036825 -0.0420361 
0.03685 -0.0420963 
0.036875 -0.0421523 
0.0369 -0.0422044 
0.036925 -0.0422525 
0.03695 -0.0422969 
0.036975 -0.0423378 
0.037 -0.042375 
0.037025 -0.0424088 
0.03705 -0.0424395 
0.037075 -0.0424669 
0.0371 -0.0424913 
0.037125 -0.0425126 
0.03715 -0.0425313 
0.037175 -0.0425469 
0.0372 -0.0425597 
0.037225 -0.0425703 
0.03725 -0.0425783 
0.037275 -0.0425837 
0.0373 -0.0425864 
0.037325 -0.0425867 
0.03735 -0.0425847 
0.037375 -0.0425805 
0.0374 -0.0425743 
0.037425 -0.0425661 
0.03745 -0.0425562 
0.037475 -0.0425444 
0.0375 -0.04253 
0.037525 -0.0425136 
0.03755 -0.0424954 
0.037575 -0.0424749 
0.0376 -0.0424524 
0.037625 -0.0424278 
0.03765 -0.0424009 
0.037675 -0.0423717 
0.0377 -0.0423402 
0.037725 -0.0423059 
0.03775 -0.0422691 
0.037775 -0.0422294 
0.0378 -0.0421867 
0.037825 -0.0421407 
0.03785 -0.0420911 
0.037875 -0.0420376 
0.0379 -0.0419797 
0.037925 -0.0419167 
0.03795 -0.0418482 
0.037975 -0.0417733 
0.038 -0.0416909 
0.038025 -0.0415999 
0.03805 -0.0414985 
0.038075 -0.0413848 
0.0381 -0.0412558 
0.038125 -0.0411079 
0.03815 -0.0409356 
0.038175 -0.0407313 
0.0382 -0.040483 
0.038225 -0.0401711 
0.03825 -0.0397605 
0.038275 -0.0391808 
0.0383 -0.0382693 
0.038325 -0.0367371 
0.03835 -0.0347207 
0.038375 -0.032719 
0.0384 -0.0307578 
0.038425 -0.0287267 
0.03845 -0.0265419 
0.038475 -0.0241455 
0.0385 -0.0214969 
0.038525 -0.018574 
0.03855 -0.0153803 
0.038575 -0.011961 
0.0386 -0.00842633 
0.038625 -0.00495726 
0.03865 -0.00178237 
0.038675 0.000893269 
0.0387 0.00295704 
0.038725 0.00440994 
0.03875 0.00533272 
0.038775 0.00583655 
0.0388 0.00602683 
0.038825 0.00599002 
0.03885 0.00579084 
0.038875 0.00547522 
0.0389 0.00507544 
0.038925 0.0046136 
0.03895 0.00410538 
0.038975 0.00356096 
0.039 0.00298843 
0.039025 0.00239365 
0.03905 0.00178105 
0.039075 0.00115376 
0.0391 0.000514344 
0.039125 -0.000135279 
0.03915 -0.000793292 
0.039175 -0.00145844 
0.0392 -0.00213003 
0.039225 -0.00280749 
0.03925 -0.00349033 
0.039275 -0.00417831 
0.0393 -0.00487146 
0.039325 -0.00557024 
0.03935 -0.00627488 
0.039375 -0.00698574 
0.0394 -0.00770377 
0.039425 -0.00842972 
0.03945 -0.00916477 
0.039475 -0.00991054 
0.0395 -0.010669 
0.039525 -0.0114418 
0.03955 -0.0122318 
0.039575 -0.0130418 
0.0396 -0.0138752 
0.039625 -0.0147361 
0.03965 -0.0156289 
0.039675 -0.0165585 
0.0397 -0.0175297 
0.039725 -0.018547 
0.03975 -0.0196143 
0.039775 -0.0207331 
0.0398 -0.0219015 
0.039825 -0.0231159 
0.03985 -0.0243688 
0.039875 -0.0256518 
0.0399 -0.0269562 
0.039925 -0.0282731 
0.03995 -0.0295943 
0.039975 -0.0309124 
0.04 -0.0322206 
0.040025 -0.0335126 
0.04005 -0.0347819 
0.040075 -0.0360226 
0.0401 -0.0372286 
0.040125 -0.0383941 
0.04015 -0.0395143 
0.040175 -0.0405853 
0.0402 -0.0416038 
0.040225 -0.0425678 
0.04025 -0.043476 
0.040275 -0.044328 
0.0403 -0.0451246 
0.040325 -0.0458672 
0.04035 -0.0465575 
0.040375 -0.047198 
0.0404 -0.0477915 
0.040425 -0.0483407 
0.04045 -0.0488485 
0.040475 -0.0493178 
0.0405 -0.0497517 
0.040525 -0.0501529 
0.04055 -0.050524 
0.040575 -0.0508673 
0.0406 -0.0511853 
0.040625 -0.05148 
0.04065 -0.0517535 
0.040675 -0.0520075 
0.0407 -0.0522437 
0.040725 -0.0524636 
0.04075 -0.0526686 
0.040775 -0.0528598 
0.0408 -0.0530387 
0.040825 -0.053206 
0.04085 -0.0533629 
0.040875 -0.05351 
0.0409 -0.0536483 
0.040925 -0.0537784 
0.04095 -0.053901 
0.040975 -0.0540166 
0.041 -0.0541259 
0.041025 -0.0542291 
0.04105 -0.0543269 
0.041075 -0.0544196 
0.0411 -0.0545075 
0.041125 -0.0545911 
0.04115 -0.0546706 
0.041175 -0.0547463 
0.0412 -0.0548185 
0.041225 -0.0548874 
0.04125 -0.0549533 
0.041275 -0.0550163 
0.0413 -0.0550766 
0.041325 -0.0551343 
0.04135 -0.0551898 
0.041375 -0.055243 
0.0414 -0.0552942 
0.041425 -0.0553433 
0.04145 -0.0553907 
0.041475 -0.0554363 
0.0415 -0.0554803 
0.041525 -0.0555227 
0.04155 -0.0555637 
0.041575 -0.0556034 
0.0416 -0.0556418 
0.041625 -0.0556789 
0.04165 -0.0557148 
0.041675 -0.0557498 
0.0417 -0.0557836 
0.041725 -0.0558165 
0.04175 -0.0558484 
0.041775 -0.0558795 
0.0418 -0.0559097 
0.041825 -0.0559392 
0.04185 -0.0559678 
0.041875 -0.0559957 
0.0419 -0.056023 
0.041925 -0.0560496 
0.04195 -0.0560756 
0.041975 -0.056101 
0.042 -0.0561258 
0.042025 -0.0561501 
0.04205 -0.0561739 
0.042075 -0.0561973 
0.0421 -0.0562201 
0.042125 -0.0562425 
0.04215 -0.0562644 
0.042175 -0.056286 
0.0422 -0.0563072 
0.042225 -0.0563281 
0.04225 -0.0563485 
0.042275 -0.0563687 
0.0423 -0.0563886 
0.042325 -0.0564081 
0.04235 -0.0564273 
0.042375 -0.0564462 
0.0424 -0.0564649 
0.042425 -0.0564834 
0.04245 -0.0565016 
0.042475 -0.0565196 
0.0425 -0.0565375 
0.042525 -0.0565549 
0.04255 -0.0565724 
0.042575 -0.0565896 
0.0426 -0.0566064 
0.042625 -0.0566233 
0.04265 -0.0566399 
0.042675 -0.0566564 
0.0427 -0.0566728 
0.042725 -0.0566891 
0.04275 -0.0567052 
0.042775 -0.0567213 
0.0428 -0.0567372 
0.042825 -0.0567528 
0.04285 -0.0567685 
0.042875 -0.0567841 
0.0429 -0.0567994 
0.042925 -0.0568147 
0.04295 -0.0568301 
0.042975 -0.0568453 
0.043 -0.0568604 
0.043025 -0.0568755 
0.04305 -0.0568905 
0.043075 -0.0569054 
0.0431 -0.0569203 
0.043125 -0.0569352 
0.04315 -0.0569498 
0.043175 -0.0569645 
0.0432 -0.0569792 
0.043225 -0.0569939 
0.04325 -0.0570084 
0.043275 -0.0570231 
0.0433 -0.0570377 
0.043325 -0.0570521 
0.04335 -0.0570667 
0.043375 -0.0570812 
0.0434 -0.0570956 
0.043425 -0.0571099 
0.04345 -0.0571245 
0.043475 -0.057139 
0.0435 -0.0571533 
0.043525 -0.0571678 
0.04355 -0.0571823 
0.043575 -0.0571966 
0.0436 -0.0572109 
0.043625 -0.0572254 
0.04365 -0.0572399 
0.043675 -0.0572542 
0.0437 -0.0572687 
0.043725 -0.0572832 
0.04375 -0.0572976 
0.043775 -0.057312 
0.0438 -0.0573266 
0.043825 -0.0573411 
0.04385 -0.0573556 
0.043875 -0.0573702 
0.0439 -0.0573849 
0.043925 -0.0573994 
0.04395 -0.057414 
0.043975 -0.0574287 
0.044 -0.0574434 
0.044025 -0.057458 
0.04405 -0.0574729 
0.044075 -0.0574877 
0.0441 -0.0575024 
0.044125 -0.0575173 
0.04415 -0.0575322 
0.044175 -0.0575471 
0.0442 -0.057562 
0.044225 -0.0575771 
0.04425 -0.0575922 
0.044275 -0.0576071 
0.0443 -0.0576223 
0.044325 -0.0576375 
0.04435 -0.0576526 
0.044375 -0.0576679 
0.0444 -0.0576833 
0.044425 -0.0576985 
0.04445 -0.0577139 
0.044475 -0.0577294 
0.0445 -0.0577449 
0.044525 -0.0577603 
0.04455 -0.057776 
0.044575 -0.0577917 
0.0446 -0.0578072 
0.044625 -0.057823 
0.04465 -0.0578388 
0.044675 -0.0578545 
0.0447 -0.0578705 
0.044725 -0.0578864 
0.04475 -0.0579023 
0.044775 -0.0579184 
0.0448 -0.0579345 
0.044825 -0.0579506 
0.04485 -0.0579668 
0.044875 -0.0579831 
0.0449 -0.0579994 
0.044925 -0.0580157 
0.04495 -0.0580322 
0.044975 -0.0580487 
0.045 -0.0580652 
0.045025 -0.0580819 
0.04505 -0.0580985 
0.045075 -0.0581151 
0.0451 -0.058132 
0.045125 -0.0581488 
0.04515 -0.0581657 
0.045175 -0.0581827 
0.0452 -0.0581996 
0.045225 -0.0582167 
0.04525 -0.0582338 
0.045275 -0.0582509 
0.0453 -0.0582681 
0.045325 -0.0582854 
0.04535 -0.0583026 
0.045375 -0.0583199 
0.0454 -0.0583374 
0.045425 -0.0583548 
0.04545 -0.0583723 
0.045475 -0.0583899 
0.0455 -0.0584075 
0.045525 -0.0584252 
0.04555 -0.058443 
0.045575 -0.0584607 
0.0456 -0.0584787 
0.045625 -0.0584966 
0.04565 -0.0585145 
0.045675 -0.0585326 
0.0457 -0.0585506 
0.045725 -0.0585687 
0.04575 -0.0585869 
0.045775 -0.058605 
0.0458 -0.0586233 
0.045825 -0.0586416 
0.04585 -0.0586599 
0.045875 -0.0586784 
0.0459 -0.0586969 
0.045925 -0.0587155 
0.04595 -0.0587341 
0.045975 -0.0587526 
0.046 -0.0587713 
0.046025 -0.05879 
0.04605 -0.0588087 
0.046075 -0.0588275 
0.0461 -0.0588463 
0.046125 -0.058865 
0.04615 -0.058884 
0.046175 -0.0589029 
0.0462 -0.0589219 
0.046225 -0.058941 
0.04625 -0.05896 
0.046275 -0.0589791 
0.0463 -0.0589982 
0.046325 -0.0590174 
0.04635 -0.0590367 
0.046375 -0.0590558 
0.0464 -0.0590751 
0.046425 -0.0590945 
0.04645 -0.0591139 
0.046475 -0.0591333 
0.0465 -0.0591527 
0.046525 -0.0591722 
0.04655 -0.0591917 
0.046575 -0.0592112 
0.0466 -0.0592308 
0.046625 -0.0592502 
0.04665 -0.0592699 
0.046675 -0.0592895 
0.0467 -0.059309 
0.046725 -0.0593288 
0.04675 -0.0593484 
0.046775 -0.0593681 
0.0468 -0.0593878 
0.046825 -0.0594074 
0.04685 -0.0594272 
0.046875 -0.059447 
0.0469 -0.0594667 
0.046925 -0.0594865 
0.04695 -0.0595062 
0.046975 -0.0595261 
0.047 -0.0595459 
0.047025 -0.0595656 
0.04705 -0.0595855 
0.047075 -0.0596052 
0.0471 -0.059625 
0.047125 -0.0596449 
0.04715 -0.0596647 
0.047175 -0.0596845 
0.0472 -0.0597043 
0.047225 -0.0597242 
0.04725 -0.059744 
0.047275 -0.0597638 
0.0473 -0.0597836 
0.047325 -0.0598033 
0.04735 -0.0598231 
0.047375 -0.0598429 
0.0474 -0.0598626 
0.047425 -0.0598824 
0.04745 -0.0599021 
0.047475 -0.0599218 
0.0475 -0.0599416 
0.047525 -0.0599612 
0.04755 -0.0599809 
0.047575 -0.0600005 
0.0476 -0.0600202 
0.047625 -0.0600398 
0.04765 -0.0600593 
0.047675 -0.060079 
0.0477 -0.0600985 
0.047725 -0.060118 
0.04775 -0.0601375 
0.047775 -0.0601568 
0.0478 -0.0601763 
0.047825 -0.0601957 
0.04785 -0.060215 
0.047875 -0.0602343 
0.0479 -0.0602536 
0.047925 -0.0602728 
0.04795 -0.0602921 
0.047975 -0.0603112 
0.048 -0.0603304 
0.048025 -0.0603494 
0.04805 -0.0603685 
0.048075 -0.0603876 
0.0481 -0.0604065 
0.048125 -0.0604255 
0.04815 -0.0604444 
0.048175 -0.0604632 
0.0482 -0.0604821 
0.048225 -0.0605008 
0.04825 -0.0605195 
0.048275 -0.0605382 
0.0483 -0.0605568 
0.048325 -0.0605754 
0.04835 -0.0605939 
0.048375 -0.0606123 
0.0484 -0.0606307 
0.048425 -0.060649 
0.04845 -0.0606673 
0.048475 -0.0606856 
0.0485 -0.0607037 
0.048525 -0.0607218 
0.04855 -0.0607399 
0.048575 -0.0607578 
0.0486 -0.0607758 
0.048625 -0.0607936 
0.04865 -0.0608113 
0.048675 -0.0608291 
0.0487 -0.0608468 
0.048725 -0.0608643 
0.04875 -0.0608819 
0.048775 -0.0608994 
0.0488 -0.0609168 
0.048825 -0.0609341 
0.04885 -0.0609514 
0.048875 -0.0609686 
0.0489 -0.0609858 
0.048925 -0.0610027 
0.04895 -0.0610198 
0.048975 -0.0610367 
0.049 -0.0610535 
0.049025 -0.0610704 
0.04905 -0.0610871 
0.049075 -0.0611037 
0.0491 -0.0611203 
0.049125 -0.0611368 
0.04915 -0.0611531 
0.049175 -0.0611694 
0.0492 -0.0611857 
0.049225 -0.0612018 
0.04925 -0.0612179 
0.049275 -0.0612339 
0.0493 -0.0612498 
0.049325 -0.0612656 
0.04935 -0.0612814 
0.049375 -0.0612971 
0.0494 -0.0613126 
0.049425 -0.0613282 
0.04945 -0.0613436 
0.049475 -0.0613589 
0.0495 -0.0613742 
0.049525 -0.0613894 
0.04955 -0.0614044 
0.049575 -0.0614194 
0.0496 -0.0614344 
0.049625 -0.0614491 
0.04965 -0.0614639 
0.049675 -0.0614786 
0.0497 -0.0614931 
0.049725 -0.0615076 
0.04975 -0.061522 
0.049775 -0.0615363 
0.0498 -0.0615504 
0.049825 -0.0615645 
0.04985 -0.0615785 
0.049875 -0.0615925 
0.0499 -0.0616062 
0.049925 -0.06162 
0.04995 -0.0616337 
0.049975 -0.0616472 
0.05 -0.0616605 
0.050025 -0.0616739 
0.05005 -0.0616872 
0.050075 -0.0617002 
0.0501 -0.0617133 
0.050125 -0.0617263 
0.05015 -0.0617392 
0.050175 -0.0617518 
0.0502 -0.0617645 
0.050225 -0.0617771 
0.05025 -0.0617896 
0.050275 -0.0618018 
0.0503 -0.0618141 
0.050325 -0.0618263 
0.05035 -0.0618385 
0.050375 -0.0618504 
0.0504 -0.0618623 
0.050425 -0.0618741 
0.05045 -0.0618858 
0.050475 -0.0618974 
0.0505 -0.0619088 
0.050525 -0.0619202 
0.05055 -0.0619315 
0.050575 -0.0619427 
0.0506 -0.0619537 
0.050625 -0.0619648 
0.05065 -0.0619758 
0.050675 -0.0619867 
0.0507 -0.0619973 
0.050725 -0.0620078 
0.05075 -0.0620183 
0.050775 -0.0620287 
0.0508 -0.062039 
0.050825 -0.062049 
0.05085 -0.0620589 
0.050875 -0.0620688 
0.0509 -0.0620787 
0.050925 -0.0620885 
0.05095 -0.062098 
0.050975 -0.0621076 
0.051 -0.0621171 
0.051025 -0.0621266 
0.05105 -0.0621359 
0.051075 -0.062145 
0.0511 -0.0621539 
0.051125 -0.0621629 
0.05115 -0.0621718 
0.051175 -0.0621806 
0.0512 -0.0621891 
0.051225 -0.0621975 
0.05125 -0.0622058 
0.051275 -0.0622141 
0.0513 -0.0622223 
0.051325 -0.0622303 
0.05135 -0.0622382 
0.051375 -0.0622459 
0.0514 -0.0622535 
0.051425 -0.0622611 
0.05145 -0.0622686 
0.051475 -0.062276 
0.0515 -0.0622833 
0.051525 -0.0622903 
0.05155 -0.0622971 
0.051575 -0.0623038 
0.0516 -0.0623106 
0.051625 -0.0623174 
0.05165 -0.0623241 
0.051675 -0.0623306 
0.0517 -0.0623369 
0.051725 -0.062343 
0.05175 -0.0623489 
0.051775 -0.0623548 
0.0518 -0.0623608 
0.051825 -0.0623667 
0.05185 -0.0623725 
0.051875 -0.0623781 
0.0519 -0.0623835 
0.051925 -0.0623887 
0.05195 -0.0623938 
0.051975 -0.0623987 
0.052 -0.0624036 
0.052025 -0.0624085 
0.05205 -0.0624135 
0.052075 -0.0624184 
0.0521 -0.0624232 
0.052125 -0.0624278 
0.05215 -0.0624322 
0.052175 -0.0624365 
0.0522 -0.0624406 
0.052225 -0.0624445 
0.05225 -0.0624483 
0.052275 -0.062452 
0.0523 -0.0624557 
0.052325 -0.0624595 
0.05235 -0.0624632 
0.052375 -0.0624668 
0.0524 -0.0624704 
0.052425 -0.0624738 
0.05245 -0.062477 
0.052475 -0.06248 
0.0525 -0.0624828 
0.052525 -0.0624855 
0.05255 -0.062488 
0.052575 -0.0624904 
0.0526 -0.0624926 
0.052625 -0.0624947 
0.05265 -0.0624966 
0.052675 -0.0624984 
0.0527 -0.0625001 
0.052725 -0.0625019 
0.05275 -0.0625037 
0.052775 -0.0625055 
0.0528 -0.0625072 
0.052825 -0.0625088 
0.05285 -0.0625102 
0.052875 -0.0625115 
0.0529 -0.0625127 
0.052925 -0.0625137 
0.05295 -0.0625146 
0.052975 -0.0625153 
0.053 -0.062516 
0.053025 -0.0625165 
0.05305 -0.0625168 
0.053075 -0.062517 
0.0531 -0.0625171 
0.053125 -0.0625171 
0.05315 -0.0625169 
0.053175 -0.0625167 
0.0532 -0.0625164 
0.053225 -0.0625159 
0.05325 -0.0625153 
0.053275 -0.0625146 
0.0533 -0.0625138 
0.053325 -0.0625129 
0.05335 -0.0625118 
0.053375 -0.0625106 
0.0534 -0.0625093 
0.053425 -0.0625078 
0.05345 -0.0625062 
0.053475 -0.0625046 
0.0535 -0.0625028 
0.053525 -0.062501 
0.05355 -0.062499 
0.053575 -0.0624966 
0.0536 -0.0624941 
0.053625 -0.0624913 
0.05365 -0.0624884 
0.053675 -0.0624854 
0.0537 -0.0624822 
0.053725 -0.062479 
0.05375 -0.0624757 
0.053775 -0.0624723 
0.0538 -0.0624688 
0.053825 -0.0624652 
0.05385 -0.0624615 
0.053875 -0.0624578 
0.0539 -0.062454 
0.053925 -0.0624502 
0.05395 -0.0624461 
0.053975 -0.0624417 
0.054 -0.0624371 
0.054025 -0.0624323 
0.05405 -0.0624274 
0.054075 -0.0624224 
0.0541 -0.0624173 
0.054125 -0.0624122 
0.05415 -0.062407 
0.054175 -0.0624018 
0.0542 -0.0623964 
0.054225 -0.0623907 
0.05425 -0.0623847 
0.054275 -0.0623786 
0.0543 -0.0623723 
0.054325 -0.0623661 
0.05435 -0.0623598 
0.054375 -0.0623534 
0.0544 -0.0623469 
0.054425 -0.06234 
0.05445 -0.0623329 
0.054475 -0.0623257 
0.0545 -0.0623184 
0.054525 -0.062311 
0.05455 -0.0623036 
0.054575 -0.062296 
0.0546 -0.0622881 
0.054625 -0.06228 
0.05465 -0.0622718 
0.054675 -0.0622635 
0.0547 -0.0622551 
0.054725 -0.0622467 
0.05475 -0.0622379 
0.054775 -0.0622289 
0.0548 -0.0622198 
0.054825 -0.0622106 
0.05485 -0.0622013 
0.054875 -0.0621918 
0.0549 -0.062182 
0.054925 -0.0621721 
0.05495 -0.0621621 
0.054975 -0.062152 
0.055 -0.0621417 
0.055025 -0.0621311 
0.05505 -0.0621204 
0.055075 -0.0621095 
0.0551 -0.0620986 
0.055125 -0.0620874 
0.05515 -0.062076 
0.055175 -0.0620644 
0.0552 -0.0620528 
0.055225 -0.0620409 
0.05525 -0.0620288 
0.055275 -0.0620165 
0.0553 -0.0620041 
0.055325 -0.0619916 
0.05535 -0.0619787 
0.055375 -0.0619657 
0.0554 -0.0619526 
0.055425 -0.0619392 
0.05545 -0.0619256 
0.055475 -0.0619118 
0.0555 -0.0618979 
0.055525 -0.0618838 
0.05555 -0.0618694 
0.055575 -0.0618548 
0.0556 -0.0618401 
0.055625 -0.0618251 
0.05565 -0.0618099 
0.055675 -0.0617946 
0.0557 -0.0617789 
0.055725 -0.0617631 
0.05575 -0.0617471 
0.055775 -0.0617308 
0.0558 -0.0617143 
0.055825 -0.0616977 
0.05585 -0.0616807 
0.055875 -0.0616635 
0.0559 -0.0616461 
0.055925 -0.0616284 
0.05595 -0.0616105 
0.055975 -0.0615924 
0.056 -0.0615739 
0.056025 -0.0615552 
0.05605 -0.0615363 
0.056075 -0.0615171 
0.0561 -0.0614977 
0.056125 -0.061478 
0.05615 -0.061458 
0.056175 -0.0614378 
0.0562 -0.0614172 
0.056225 -0.0613964 
0.05625 -0.0613753 
0.056275 -0.0613539 
0.0563 -0.0613322 
0.056325 -0.0613101 
0.05635 -0.0612879 
0.056375 -0.0612652 
0.0564 -0.0612423 
0.056425 -0.061219 
0.05645 -0.0611954 
0.056475 -0.0611715 
0.0565 -0.0611472 
0.056525 -0.0611226 
0.05655 -0.0610976 
0.056575 -0.0610723 
0.0566 -0.0610466 
0.056625 -0.0610205 
0.05665 -0.060994 
0.056675 -0.0609671 
0.0567 -0.0609399 
0.056725 -0.0609122 
0.05675 -0.0608841 
0.056775 -0.0608556 
0.0568 -0.0608266 
0.056825 -0.0607972 
0.05685 -0.0607673 
0.056875 -0.060737 
0.0569 -0.0607062 
0.056925 -0.060675 
0.05695 -0.0606432 
0.056975 -0.0606109 
0.057 -0.0605781 
0.057025 -0.0605448 
0.05705 -0.0605109 
0.057075 -0.0604764 
0.0571 -0.0604414 
0.057125 -0.0604058 
0.05715 -0.0603696 
0.057175 -0.0603327 
0.0572 -0.0602952 
0.057225 -0.060257 
0.05725 -0.0602182 
0.057275 -0.0601787 
0.0573 -0.0601384 
0.057325 -0.0600974 
0.05735 -0.0600557 
0.057375 -0.0600131 
0.0574 -0.0599698 
0.057425 -0.0599256 
0.05745 -0.0598806 
0.057475 -0.0598347 
0.0575 -0.0597878 
0.057525 -0.05974 
0.05755 -0.0596912 
0.057575 -0.0596414 
0.0576 -0.0595905 
0.057625 -0.0595386 
0.05765 -0.0594855 
0.057675 -0.0594312 
0.0577 -0.0593757 
0.057725 -0.0593189 
0.05775 -0.0592608 
0.057775 -0.0592013 
0.0578 -0.0591404 
0.057825 -0.0590781 
0.05785 -0.0590141 
0.057875 -0.0589486 
0.0579 -0.0588813 
0.057925 -0.0588123 
0.05795 -0.0587414 
0.057975 -0.0586685 
0.058 -0.0585936 
0.058025 -0.0585166 
0.05805 -0.0584374 
0.058075 -0.0583557 
0.0581 -0.0582716 
0.058125 -0.0581849 
0.05815 -0.0580953 
0.058175 -0.0580029 
0.0582 -0.0579073 
0.058225 -0.0578084 
0.05825 -0.057706 
0.058275 -0.0575999 
0.0583 -0.0574899 
0.058325 -0.0573756 
0.05835 -0.0572569 
0.058375 -0.0571334 
0.0584 -0.0570047 
0.058425 -0.0568705 
0.05845 -0.0567303 
0.058475 -0.0565836 
0.0585 -0.05643 
0.058525 -0.0562687 
0.05855 -0.0560993 
0.058575 -0.0559206 
0.0586 -0.0557321 
0.058625 -0.0555327 
0.05865 -0.0553212 
0.058675 -0.0550963 
0.0587 -0.0548565 
0.058725 -0.0546001 
0.05875 -0.0543248 
0.058775 -0.0540279 
0.0588 -0.0537064 
0.058825 -0.0533567 
0.05885 -0.0529738 
0.058875 -0.0525517 
0.0589 -0.0520827 
0.058925 -0.051556 
0.05895 -0.0509571 
0.058975 -0.0502651 
0.059 -0.0494469 
0.059025 -0.0484472 
0.05905 -0.0471566 
0.059075 -0.045314 
0.0591 -0.0423327 
0.059125 -0.0383273 
0.05915 -0.0335568 
0.059175 -0.0270616 
0.0592 -0.0171887 
0.059225 -0.00184705 
0.05925 0.0180141 
0.059275 0.0303479 
0.0593 0.0341111 
0.059325 0.0350228 
0.05935 0.035052 
0.059375 0.0347459 
0.0594 0.0342805 
0.059425 0.0337265 
0.05945 0.0331185 
0.059475 0.032475 
0.0595 0.0318071 
0.059525 0.031122 
0.05955 0.0304245 
0.059575 0.0297181 
0.0596 0.0290053 
0.059625 0.0282874 
0.05965 0.0275651 
0.059675 0.0268382 
0.0597 0.0261062 
0.059725 0.0253687 
0.05975 0.0246257 
0.059775 0.0238779 
0.0598 0.0231264 
0.059825 0.0223727 
0.05985 0.0216185 
0.059875 0.0208656 
0.0599 0.0201151 
0.059925 0.0193683 
0.05995 0.018626 
0.059975 0.0178887 
0.06 0.0171568 
0.060025 0.0164304 
0.06005 0.0157099 
0.060075 0.0149951 
0.0601 0.0142862 
0.060125 0.0135832 
0.06015 0.0128861 
0.060175 0.0121949 
0.0602 0.0115094 
0.060225 0.0108296 
0.06025 0.0101551 
0.060275 0.00948584 
0.0603 0.00882143 
0.060325 0.00816133 
0.06035 0.00750502 
0.060375 0.00685205 
0.0604 0.00620177 
0.060425 0.00555335 
0.06045 0.00490611 
0.060475 0.00425898 
0.0605 0.00361079 
0.060525 0.00296062 
0.06055 0.00230705 
0.060575 0.00164888 
0.0606 0.000984924 
0.060625 0.000314075 
0.06065 -0.000364935 
0.060675 -0.00105199 
0.0607 -0.00174661 
0.060725 -0.00244744 
0.06075 -0.00315249 
0.060775 -0.00385935 
0.0608 -0.00456504 
0.060825 -0.00526644 
0.06085 -0.00596116 
0.060875 -0.00664724 
0.0609 -0.00732356 
0.060925 -0.00798937 
0.06095 -0.00864442 
0.060975 -0.00928869 
0.061 -0.00992296 
0.061025 -0.0105476 
0.06105 -0.0111636 
0.061075 -0.0117723 
0.0611 -0.0123742 
0.061125 -0.01297 
0.06115 -0.0135605 
0.061175 -0.0141465 
0.0612 -0.0147286 
0.061225 -0.0153076 
0.06125 -0.0158841 
0.061275 -0.0164586 
0.0613 -0.017032 
0.061325 -0.0176043 
0.06135 -0.0181761 
0.061375 -0.0187476 
0.0614 -0.0193195 
0.061425 -0.0198919 
0.06145 -0.0204652 
0.061475 -0.0210398 
0.0615 -0.0216157 
0.061525 -0.0221931 
0.06155 -0.0227721 
0.061575 -0.0233523 
0.0616 -0.0239342 
0.061625 -0.0245174 
0.06165 -0.0251017 
0.061675 -0.0256868 
0.0617 -0.026272 
0.061725 -0.0268569 
0.06175 -0.0274411 
0.061775 -0.0280239 
0.0618 -0.0286048 
0.061825 -0.0291831 
0.06185 -0.029758 
0.061875 -0.0303288 
0.0619 -0.0308941 
0.061925 -0.0314531 
0.06195 -0.032005 
0.061975 -0.032549 
0.062 -0.0330839 
0.062025 -0.0336089 
0.06205 -0.0341235 
0.062075 -0.0346265 
0.0621 -0.035117 
0.062125 -0.0355949 
0.06215 -0.0360588 
0.062175 -0.0365086 
0.0622 -0.0369438 
0.062225 -0.0373641 
0.06225 -0.0377693 
0.062275 -0.0381592 
0.0623 -0.0385337 
0.062325 -0.0388929 
0.06235 -0.0392369 
0.062375 -0.039566 
0.0624 -0.0398801 
0.062425 -0.0401795 
0.06245 -0.0404647 
0.062475 -0.0407359 
0.0625 -0.0409934 
0.062525 -0.0412376 
0.06255 -0.0414692 
0.062575 -0.0416884 
0.0626 -0.0418958 
0.062625 -0.0420917 
0.06265 -0.0422766 
0.062675 -0.042451 
0.0627 -0.0426154 
0.062725 -0.0427702 
0.06275 -0.0429159 
0.062775 -0.043053 
0.0628 -0.0431819 
0.062825 -0.043303 
0.06285 -0.0434168 
0.062875 -0.0435236 
0.0629 -0.043624 
0.062925 -0.0437181 
0.06295 -0.0438065 
0.062975 -0.0438892 
0.063 -0.0439668 
0.063025 -0.0440395 
0.06305 -0.0441075 
0.063075 -0.0441711 
0.0631 -0.0442305 
0.063125 -0.0442859 
0.06315 -0.0443375 
0.063175 -0.0443854 
0.0632 -0.0444299 
0.063225 -0.0444711 
0.06325 -0.0445092 
0.063275 -0.0445443 
0.0633 -0.0445768 
0.063325 -0.0446065 
0.06335 -0.0446338 
0.063375 -0.0446585 
0.0634 -0.0446812 
0.063425 -0.0447016 
0.06345 -0.04472 
0.063475 -0.0447367 
0.0635 -0.0447512 
0.063525 -0.0447643 
0.06355 -0.0447758 
0.063575 -0.0447857 
0.0636 -0.0447939 
0.063625 -0.0448004 
0.06365 -0.044806 
0.063675 -0.0448108 
0.0637 -0.0448145 
0.063725 -0.044817 
0.06375 -0.0448184 
0.063775 -0.0448186 
0.0638 -0.0448179 
0.063825 -0.0448162 
0.06385 -0.0448137 
0.063875 -0.0448104 
0.0639 -0.0448063 
0.063925 -0.0448016 
0.06395 -0.0447959 
0.063975 -0.0447886 
0.064 -0.0447804 
0.064025 -0.0447715 
0.06405 -0.0447621 
0.064075 -0.0447523 
0.0641 -0.0447417 
0.064125 -0.0447297 
0.06415 -0.0447169 
0.064175 -0.0447035 
0.0642 -0.0446892 
0.064225 -0.0446734 
0.06425 -0.0446567 
0.064275 -0.0446387 
0.0643 -0.044619 
0.064325 -0.0445981 
0.06435 -0.0445753 
0.064375 -0.0445505 
0.0644 -0.0445234 
0.064425 -0.0444938 
0.06445 -0.0444611 
0.064475 -0.0444252 
0.0645 -0.0443855 
0.064525 -0.0443412 
0.06455 -0.0442917 
0.064575 -0.0442359 
0.0646 -0.0441727 
0.064625 -0.0441007 
0.06465 -0.0440178 
0.064675 -0.0439214 
0.0647 -0.0438082 
0.064725 -0.043673 
0.06475 -0.0435088 
0.064775 -0.0433045 
0.0648 -0.0430422 
0.064825 -0.0426895 
0.06485 -0.0421818 
0.064875 -0.041368 
0.0649 -0.0399403 
0.064925 -0.0379318 
0.06495 -0.0359124 
0.064975 -0.0339553 
0.065 -0.0319279 
0.065025 -0.0297195 
0.06505 -0.0272399 
0.065075 -0.0244084 
0.0651 -0.0211517 
0.065125 -0.0174121 
0.06515 -0.0131756 
0.065175 -0.00852196 
0.0652 -0.0036994 
0.065225 0.000857586 
0.06525 0.0046747 
0.065275 0.00748704 
0.0653 0.00932381 
0.065325 0.0103868 
0.06535 0.0109013 
0.065375 0.0110481 
0.0654 0.0109529 
0.065425 0.0106985 
0.06545 0.0103368 
0.065475 0.00990071 
0.0655 0.0094108 
0.065525 0.00887998 
0.06555 0.00831719 
0.065575 0.00772908 
0.0656 0.00712041 
0.065625 0.0064952 
0.06565 0.00585662 
0.065675 0.00520727 
0.0657 0.00454927 
0.065725 0.00388448 
0.06575 0.0032143 
0.065775 0.00253944 
0.0658 0.00186109 
0.065825 0.00117962 
0.06585 0.000495432 
0.065875 -0.000191293 
0.0659 -0.00088056 
0.065925 -0.00157252 
0.06595 -0.00226775 
0.065975 -0.00296633 
0.066 -0.00366906 
0.066025 -0.00437687 
0.06605 -0.0050907 
0.066075 -0.00581185 
0.0661 -0.00654159 
0.066125 -0.00728151 
0.06615 -0.00803426 
0.066175 -0.00880156 
0.0662 -0.00958639 
0.066225 -0.0103921 
0.06625 -0.0112227 
0.066275 -0.0120825 
0.0663 -0.0129761 
0.066325 -0.0139085 
0.06635 -0.0148836 
0.066375 -0.0159035 
0.0664 -0.0169708 
0.066425 -0.0180846 
0.06645 -0.0192413 
0.066475 -0.0204363 
0.0665 -0.0216646 
0.066525 -0.0229211 
0.06655 -0.0242012 
0.066575 -0.0255014 
0.0666 -0.0268181 
0.066625 -0.0281476 
0.06665 -0.0294858 
0.066675 -0.0308287 
0.0667 -0.0321709 
0.066725 -0.0335066 
0.06675 -0.0348289 
0.066775 -0.0361309 
0.0668 -0.0374053 
0.066825 -0.0386455 
0.06685 -0.0398448 
0.066875 -0.0409975 
0.0669 -0.0420992 
0.066925 -0.0431462 
0.06695 -0.044136 
0.066975 -0.0450678 
0.067 -0.0459416 
0.067025 -0.0467579 
0.06705 -0.0475183 
0.067075 -0.048225 
0.0671 -0.0488805 
0.067125 -0.0494878 
0.06715 -0.0500498 
0.067175 -0.0505696 
0.0672 -0.0510506 
0.067225 -0.0514954 
0.06725 -0.0519071 
0.067275 -0.0522884 
0.0673 -0.0526418 
0.067325 -0.0529697 
0.06735 -0.0532743 
0.067375 -0.0535575 
0.0674 -0.0538214 
0.067425 -0.0540674 
0.06745 -0.0542971 
0.067475 -0.054512 
0.0675 -0.0547133 
0.067525 -0.0549022 
0.06755 -0.0550796 
0.067575 -0.0552466 
0.0676 -0.0554039 
0.067625 -0.0555523 
0.06765 -0.0556926 
0.067675 -0.0558255 
0.0677 -0.0559514 
0.067725 -0.0560709 
0.06775 -0.0561844 
0.067775 -0.0562925 
0.0678 -0.0563956 
0.067825 -0.0564939 
0.06785 -0.0565879 
0.067875 -0.0566778 
0.0679 -0.0567639 
0.067925 -0.0568465 
0.06795 -0.0569258 
0.067975 -0.0570021 
0.068 -0.0570755 
0.068025 -0.0571462 
0.06805 -0.0572144 
0.068075 -0.0572803 
0.0681 -0.057344 
0.068125 -0.0574057 
0.06815 -0.0574653 
0.068175 -0.0575232 
0.0682 -0.0575794 
0.068225 -0.057634 
0.06825 -0.0576871 
0.068275 -0.0577387 
0.0683 -0.057789 
0.068325 -0.057838 
0.06835 -0.0578858 
0.068375 -0.0579325 
0.0684 -0.0579781 
0.068425 -0.0580227 
0.06845 -0.0580664 
0.068475 -0.0581091 
0.0685 -0.0581511 
0.068525 -0.0581922 
0.06855 -0.0582325 
0.068575 -0.0582721 
0.0686 -0.058311 
0.068625 -0.0583492 
0.06865 -0.0583868 
0.068675 -0.0584239 
0.0687 -0.0584603 
0.068725 -0.0584963 
0.06875 -0.0585317 
0.068775 -0.0585666 
0.0688 -0.0586011 
0.068825 -0.0586352 
0.06885 -0.0586688 
0.068875 -0.0587021 
0.0689 -0.0587349 
0.068925 -0.0587675 
0.06895 -0.0587997 
0.068975 -0.0588315 
0.069 -0.0588631 
0.069025 -0.0588944 
0.06905 -0.0589254 
0.069075 -0.0589561 
0.0691 -0.0589866 
0.069125 -0.0590168 
0.06915 -0.0590468 
0.069175 -0.0590766 
0.0692 -0.0591061 
0.069225 -0.0591356 
0.06925 -0.0591648 
0.069275 -0.0591938 
0.0693 -0.0592227 
0.069325 -0.0592513 
0.06935 -0.0592799 
0.069375 -0.0593082 
0.0694 -0.0593365 
0.069425 -0.0593646 
0.06945 -0.0593926 
0.069475 -0.0594205 
0.0695 -0.0594482 
0.069525 -0.0594759 
0.06955 -0.0595034 
0.069575 -0.0595309 
0.0696 -0.0595582 
0.069625 -0.0595855 
0.06965 -0.0596127 
0.069675 -0.0596398 
0.0697 -0.0596668 
0.069725 -0.0596937 
0.06975 -0.0597206 
0.069775 -0.0597474 
0.0698 -0.0597741 
0.069825 -0.0598008 
0.06985 -0.0598274 
0.069875 -0.059854 
0.0699 -0.0598805 
0.069925 -0.0599069 
0.06995 -0.0599334 
0.069975 -0.0599597 
0.07 -0.059986 
0.070025 -0.0600123 
0.07005 -0.0600385 
0.070075 -0.0600647 
0.0701 -0.0600908 
0.070125 -0.0601169 
0.07015 -0.060143 
0.070175 -0.0601691 
0.0702 -0.0601951 
0.070225 -0.0602211 
0.07025 -0.060247 
0.070275 -0.0602729 
0.0703 -0.0602988 
0.070325 -0.0603247 
0.07035 -0.0603505 
0.070375 -0.0603763 
0.0704 -0.0604021 
0.070425 -0.0604278 
0.07045 -0.0604535 
0.070475 -0.0604793 
0.0705 -0.0605049 
0.070525 -0.0605306 
0.07055 -0.0605562 
0.070575 -0.0605818 
0.0706 -0.0606073 
0.070625 -0.0606329 
0.07065 -0.0606584 
0.070675 -0.060684 
0.0707 -0.0607094 
0.070725 -0.0607349 
0.07075 -0.0607603 
0.070775 -0.0607858 
0.0708 -0.0608111 
0.070825 -0.0608365 
0.07085 -0.0608618 
0.070875 -0.0608871 
0.0709 -0.0609123 
0.070925 -0.0609375 
0.07095 -0.0609627 
0.070975 -0.0609879 
0.071 -0.0610131 
0.071025 -0.0610383 
0.07105 -0.0610634 
0.071075 -0.0610885 
0.0711 -0.0611135 
0.071125 -0.0611385 
0.07115 -0.0611635 
0.071175 -0.0611885 
0.0712 -0.0612134 
0.071225 -0.0612382 
0.07125 -0.0612631 
0.071275 -0.0612879 
0.0713 -0.0613126 
0.071325 -0.0613374 
0.07135 -0.061362 
0.071375 -0.0613867 
0.0714 -0.0614112 
0.071425 -0.0614358 
0.07145 -0.0614602 
0.071475 -0.0614847 
0.0715 -0.0615091 
0.071525 -0.0615336 
0.07155 -0.0615579 
0.071575 -0.0615822 
0.0716 -0.0616064 
0.071625 -0.0616307 
0.07165 -0.0616548 
0.071675 -0.0616789 
0.0717 -0.0617029 
0.071725 -0.061727 
0.07175 -0.0617509 
0.071775 -0.0617749 
0.0718 -0.0617987 
0.071825 -0.0618226 
0.07185 -0.0618463 
0.071875 -0.06187 
0.0719 -0.0618937 
0.071925 -0.0619173 
0.07195 -0.0619408 
0.071975 -0.0619643 
0.072 -0.0619878 
0.072025 -0.0620111 
0.07205 -0.0620344 
0.072075 -0.0620576 
0.0721 -0.0620808 
0.072125 -0.0621039 
0.07215 -0.0621269 
0.072175 -0.0621498 
0.0722 -0.0621727 
0.072225 -0.0621955 
0.07225 -0.0622183 
0.072275 -0.062241 
0.0723 -0.0622635 
0.072325 -0.062286 
0.07235 -0.0623084 
0.072375 -0.0623308 
0.0724 -0.0623531 
0.072425 -0.0623753 
0.07245 -0.0623974 
0.072475 -0.0624194 
0.0725 -0.0624414 
0.072525 -0.0624633 
0.07255 -0.0624851 
0.072575 -0.0625068 
0.0726 -0.0625285 
0.072625 -0.0625501 
0.07265 -0.0625716 
0.072675 -0.0625931 
0.0727 -0.0626144 
0.072725 -0.0626356 
0.07275 -0.0626568 
0.072775 -0.0626779 
0.0728 -0.0626988 
0.072825 -0.0627197 
0.07285 -0.0627405 
0.072875 -0.0627612 
0.0729 -0.0627819 
0.072925 -0.0628024 
0.07295 -0.0628229 
0.072975 -0.0628432 
0.073 -0.0628635 
0.073025 -0.0628837 
0.07305 -0.0629037 
0.073075 -0.0629237 
0.0731 -0.0629436 
0.073125 -0.0629634 
0.07315 -0.0629831 
0.073175 -0.0630027 
0.0732 -0.0630222 
0.073225 -0.0630416 
0.07325 -0.0630609 
0.073275 -0.0630802 
0.0733 -0.0630993 
0.073325 -0.0631183 
0.07335 -0.0631372 
0.073375 -0.063156 
0.0734 -0.0631748 
0.073425 -0.0631934 
0.07345 -0.0632119 
0.073475 -0.0632303 
0.0735 -0.0632486 
0.073525 -0.0632668 
0.07355 -0.063285 
0.073575 -0.0633029 
0.0736 -0.0633208 
0.073625 -0.0633386 
0.07365 -0.0633563 
0.073675 -0.0633739 
0.0737 -0.0633913 
0.073725 -0.0634087 
0.07375 -0.063426 
0.073775 -0.0634431 
0.0738 -0.0634601 
0.073825 -0.0634771 
0.07385 -0.0634939 
0.073875 -0.0635106 
0.0739 -0.0635272 
0.073925 -0.0635437 
0.07395 -0.0635601 
0.073975 -0.0635764 
0.074 -0.0635926 
0.074025 -0.0636086 
0.07405 -0.0636246 
0.074075 -0.0636404 
0.0741 -0.0636561 
0.074125 -0.0636718 
0.07415 -0.0636873 
0.074175 -0.0637026 
0.0742 -0.0637179 
0.074225 -0.0637331 
0.07425 -0.0637481 
0.074275 -0.0637631 
0.0743 -0.063778 
0.074325 -0.0637927 
0.07435 -0.0638072 
0.074375 -0.0638217 
0.0744 -0.0638361 
0.074425 -0.0638503 
0.07445 -0.0638645 
0.074475 -0.0638786 
0.0745 -0.0638925 
0.074525 -0.0639062 
0.07455 -0.06392 
0.074575 -0.0639336 
0.0746 -0.063947 
0.074625 -0.0639603 
0.07465 -0.0639736 
0.074675 -0.0639867 
0.0747 -0.0639997 
0.074725 -0.0640125 
0.07475 -0.0640253 
0.074775 -0.0640379 
0.0748 -0.0640504 
0.074825 -0.0640629 
0.07485 -0.0640752 
0.074875 -0.0640874 
0.0749 -0.0640994 
0.074925 -0.0641113 
0.07495 -0.0641232 
0.074975 -0.064135 
0.075 -0.0641465 
0.075025 -0.064158 
0.07505 -0.0641694 
0.075075 -0.0641807 
0.0751 -0.0641918 
0.075125 -0.0642027 
0.07515 -0.0642136 
0.075175 -0.0642243 
0.0752 -0.064235 
0.075225 -0.0642454 
0.07525 -0.0642557 
0.075275 -0.0642661 
0.0753 -0.0642763 
0.075325 -0.0642864 
0.07535 -0.0642963 
0.075375 -0.0643061 
0.0754 -0.0643159 
0.075425 -0.0643255 
0.07545 -0.064335 
0.075475 -0.0643443 
0.0755 -0.0643533 
0.075525 -0.0643624 
0.07555 -0.0643715 
0.075575 -0.0643804 
0.0756 -0.0643891 
0.075625 -0.0643977 
0.07565 -0.0644061 
0.075675 -0.0644146 
0.0757 -0.064423 
0.075725 -0.0644313 
0.07575 -0.0644393 
0.075775 -0.0644472 
0.0758 -0.064455 
0.075825 -0.0644626 
0.07585 -0.0644702 
0.075875 -0.0644777 
0.0759 -0.0644851 
0.075925 -0.0644923 
0.07595 -0.0644993 
0.075975 -0.0645063 
0.076 -0.0645132 
0.076025 -0.06452 
0.07605 -0.0645266 
0.076075 -0.0645331 
0.0761 -0.0645394 
0.076125 -0.0645456 
0.07615 -0.0645516 
0.076175 -0.0645577 
0.0762 -0.0645637 
0.076225 -0.0645697 
0.07625 -0.0645755 
0.076275 -0.0645813 
0.0763 -0.0645869 
0.076325 -0.0645923 
0.07635 -0.0645977 
0.076375 -0.0646029 
0.0764 -0.0646081 
0.076425 -0.0646133 
0.07645 -0.0646184 
0.076475 -0.0646233 
0.0765 -0.0646281 
0.076525 -0.0646327 
0.07655 -0.0646371 
0.076575 -0.0646414 
0.0766 -0.0646456 
0.076625 -0.0646496 
0.07665 -0.0646535 
0.076675 -0.0646574 
0.0767 -0.0646613 
0.076725 -0.0646649 
0.07675 -0.0646685 
0.076775 -0.0646719 
0.0768 -0.0646751 
0.076825 -0.0646782 
0.07685 -0.0646811 
0.076875 -0.0646839 
0.0769 -0.0646866 
0.076925 -0.0646891 
0.07695 -0.0646915 
0.076975 -0.0646938 
0.077 -0.0646959 
0.077025 -0.064698 
0.07705 -0.0646999 
0.077075 -0.0647018 
0.0771 -0.0647037 
0.077125 -0.0647056 
0.07715 -0.0647073 
0.077175 -0.064709 
0.0772 -0.0647105 
0.077225 -0.0647118 
0.07725 -0.0647131 
0.077275 -0.0647142 
0.0773 -0.0647152 
0.077325 -0.0647161 
0.07735 -0.0647169 
0.077375 -0.0647176 
0.0774 -0.0647182 
0.077425 -0.0647187 
0.07745 -0.0647191 
0.077475 -0.0647193 
0.0775 -0.0647194 
0.077525 -0.0647194 
0.07755 -0.0647193 
0.077575 -0.064719 
0.0776 -0.0647186 
0.077625 -0.0647182 
0.07765 -0.0647176 
0.077675 -0.0647169 
0.0777 -0.0647161 
0.077725 -0.0647152 
0.07775 -0.0647141 
0.077775 -0.064713 
0.0778 -0.0647118 
0.077825 -0.0647104 
0.07785 -0.064709 
0.077875 -0.0647075 
0.0779 -0.0647059 
0.077925 -0.0647042 
0.07795 -0.0647023 
0.077975 -0.0647004 
0.078 -0.0646984 
0.078025 -0.064696 
0.07805 -0.0646936 
0.078075 -0.0646909 
0.0781 -0.0646882 
0.078125 -0.0646853 
0.07815 -0.0646823 
0.078175 -0.0646793 
0.0782 -0.0646761 
0.078225 -0.0646729 
0.07825 -0.0646696 
0.078275 -0.0646662 
0.0783 -0.0646627 
0.078325 -0.0646592 
0.07835 -0.0646557 
0.078375 -0.064652 
0.0784 -0.0646481 
0.078425 -0.0646441 
0.07845 -0.0646398 
0.078475 -0.0646354 
0.0785 -0.0646309 
0.078525 -0.0646263 
0.07855 -0.0646217 
0.078575 -0.0646169 
0.0786 -0.0646121 
0.078625 -0.0646072 
0.07865 -0.0646023 
0.078675 -0.0645972 
0.0787 -0.0645919 
0.078725 -0.0645864 
0.07875 -0.0645808 
0.078775 -0.0645751 
0.0788 -0.0645693 
0.078825 -0.0645635 
0.07885 -0.0645575 
0.078875 -0.0645516 
0.0789 -0.0645454 
0.078925 -0.0645391 
0.07895 -0.0645326 
0.078975 -0.064526 
0.079 -0.0645193 
0.079025 -0.0645125 
0.07905 -0.0645057 
0.079075 -0.0644988 
0.0791 -0.0644917 
0.079125 -0.0644844 
0.07915 -0.064477 
0.079175 -0.0644695 
0.0792 -0.0644619 
0.079225 -0.0644543 
0.07925 -0.0644466 
0.079275 -0.0644386 
0.0793 -0.0644305 
0.079325 -0.0644223 
0.07935 -0.064414 
0.079375 -0.0644056 
0.0794 -0.0643972 
0.079425 -0.0643886 
0.07945 -0.0643797 
0.079475 -0.0643708 
0.0795 -0.0643618 
0.079525 -0.0643527 
0.07955 -0.0643435 
0.079575 -0.0643341 
0.0796 -0.0643246 
0.079625 -0.0643149 
0.07965 -0.0643053 
0.079675 -0.0642955 
0.0797 -0.0642855 
0.079725 -0.0642753 
0.07975 -0.0642651 
0.079775 -0.0642548 
0.0798 -0.0642444 
0.079825 -0.0642338 
0.07985 -0.064223 
0.079875 -0.0642121 
0.0799 -0.0642012 
0.079925 -0.0641902 
0.07995 -0.0641789 
0.079975 -0.0641675 
0.08 -0.0641561 
0.080025 -0.0641445 
0.08005 -0.0641328 
0.080075 -0.0641208 
0.0801 -0.0641088 
0.080125 -0.0640968 
0.08015 -0.0640845 
0.080175 -0.064072 
0.0802 -0.0640595 
0.080225 -0.0640469 
0.08025 -0.0640341 
0.080275 -0.0640211 
0.0803 -0.064008 
0.080325 -0.0639948 
0.08035 -0.0639814 
0.080375 -0.0639679 
0.0804 -0.0639543 
0.080425 -0.0639406 
0.08045 -0.0639266 
0.080475 -0.0639125 
0.0805 -0.0638983 
0.080525 -0.063884 
0.08055 -0.0638694 
0.080575 -0.0638548 
0.0806 -0.06384 
0.080625 -0.063825 
0.08065 -0.0638099 
0.080675 -0.0637947 
0.0807 -0.0637793 
0.080725 -0.0637637 
0.08075 -0.0637481 
0.080775 -0.0637322 
0.0808 -0.0637161 
0.080825 -0.0636999 
0.08085 -0.0636836 
0.080875 -0.063667 
0.0809 -0.0636504 
0.080925 -0.0636336 
0.08095 -0.0636165 
0.080975 -0.0635994 
0.081 -0.0635821 
0.081025 -0.0635645 
0.08105 -0.0635469 
0.081075 -0.063529 
0.0811 -0.063511 
0.081125 -0.0634928 
0.08115 -0.0634744 
0.081175 -0.0634559 
0.0812 -0.0634371 
0.081225 -0.0634182 
0.08125 -0.0633991 
0.081275 -0.0633798 
0.0813 -0.0633602 
0.081325 -0.0633406 
0.08135 -0.0633207 
0.081375 -0.0633006 
0.0814 -0.0632803 
0.081425 -0.0632598 
0.08145 -0.0632391 
0.081475 -0.0632182 
0.0815 -0.0631971 
0.081525 -0.0631758 
0.08155 -0.0631542 
0.081575 -0.0631325 
0.0816 -0.0631104 
0.081625 -0.0630883 
0.08165 -0.0630658 
0.081675 -0.0630432 
0.0817 -0.0630202 
0.081725 -0.0629971 
0.08175 -0.0629737 
0.081775 -0.0629501 
0.0818 -0.0629263 
0.081825 -0.0629022 
0.08185 -0.0628778 
0.081875 -0.0628532 
0.0819 -0.0628283 
0.081925 -0.0628032 
0.08195 -0.0627777 
0.081975 -0.0627521 
0.082 -0.0627261 
0.082025 -0.0626998 
0.08205 -0.0626732 
0.082075 -0.0626464 
0.0821 -0.0626192 
0.082125 -0.0625918 
0.08215 -0.062564 
0.082175 -0.062536 
0.0822 -0.0625076 
0.082225 -0.0624788 
0.08225 -0.0624498 
0.082275 -0.0624203 
0.0823 -0.0623906 
0.082325 -0.0623604 
0.08235 -0.06233 
0.082375 -0.0622991 
0.0824 -0.0622679 
0.082425 -0.0622363 
0.08245 -0.0622043 
0.082475 -0.0621719 
0.0825 -0.0621391 
0.082525 -0.0621059 
0.08255 -0.0620722 
0.082575 -0.0620381 
0.0826 -0.0620036 
0.082625 -0.0619686 
0.08265 -0.0619332 
0.082675 -0.0618973 
0.0827 -0.0618608 
0.082725 -0.0618239 
0.08275 -0.0617865 
0.082775 -0.0617485 
0.0828 -0.0617099 
0.082825 -0.0616709 
0.08285 -0.0616312 
0.082875 -0.061591 
0.0829 -0.0615501 
0.082925 -0.0615087 
0.08295 -0.0614666 
0.082975 -0.0614238 
0.083 -0.0613804 
0.083025 -0.0613362 
0.08305 -0.0612914 
0.083075 -0.0612458 
0.0831 -0.0611994 
0.083125 -0.0611523 
0.08315 -0.0611043 
0.083175 -0.0610555 
0.0832 -0.0610059 
0.083225 -0.0609553 
0.08325 -0.0609039 
0.083275 -0.0608515 
0.0833 -0.0607981 
0.083325 -0.0607437 
0.08335 -0.0606882 
0.083375 -0.0606316 
0.0834 -0.0605739 
0.083425 -0.060515 
0.08345 -0.0604549 
0.083475 -0.0603935 
0.0835 -0.0603308 
0.083525 -0.0602666 
0.08355 -0.0602011 
0.083575 -0.060134 
0.0836 -0.0600654 
0.083625 -0.0599951 
0.08365 -0.0599232 
0.083675 -0.0598495 
0.0837 -0.0597738 
0.083725 -0.0596963 
0.08375 -0.0596166 
0.083775 -0.0595349 
0.0838 -0.0594508 
0.083825 -0.0593644 
0.08385 -0.0592755 
0.083875 -0.0591839 
0.0839 -0.0590895 
0.083925 -0.0589922 
0.08395 -0.0588918 
0.083975 -0.0587882 
0.084 -0.058681 
0.084025 -0.05857 
0.08405 -0.0584551 
0.084075 -0.058336 
0.0841 -0.0582124 
0.084125 -0.0580838 
0.08415 -0.0579501 
0.084175 -0.057811 
0.0842 -0.0576659 
0.084225 -0.0575144 
0.08425 -0.0573559 
0.084275 -0.05719 
0.0843 -0.0570159 
0.084325 -0.0568329 
0.08435 -0.0566402 
0.084375 -0.0564369 
0.0844 -0.0562218 
0.084425 -0.0559938 
0.08445 -0.0557515 
0.084475 -0.0554933 
0.0845 -0.0552173 
0.084525 -0.0549213 
0.08455 -0.0546027 
0.084575 -0.0542585 
0.0846 -0.0538848 
0.084625 -0.0534771 
0.08465 -0.05303 
0.084675 -0.0525362 
0.0847 -0.0519871 
0.084725 -0.0513716 
0.08475 -0.0506746 
0.084775 -0.0498755 
0.0848 -0.0489457 
0.084825 -0.0478422 
0.08485 -0.0464978 
0.084875 -0.0447926 
0.0849 -0.0424761 
0.084925 -0.0389368 
0.08495 -0.0337051 
0.084975 -0.0267527 
0.085 -0.0162427 
0.085025 0.000595872 
0.08505 0.0214348 
0.085075 0.0323623 
0.0851 0.0351419 
0.085125 0.035585 
0.08515 0.0353669 
0.085175 0.0349139 
0.0852 0.034354 
0.085225 0.0337358 
0.08525 0.0330816 
0.085275 0.0324036 
0.0853 0.0317086 
0.085325 0.0310016 
0.08535 0.0302859 
0.085375 0.0295644 
0.0854 0.0288389 
0.085425 0.0281106 
0.08545 0.02738 
0.085475 0.0266468 
0.0855 0.0259103 
0.085525 0.0251697 
0.08555 0.0244248 
0.085575 0.0236756 
0.0856 0.022923 
0.085625 0.0221682 
0.08565 0.0214129 
0.085675 0.0206587 
0.0857 0.0199069 
0.085725 0.0191587 
0.08575 0.018415 
0.085775 0.0176764 
0.0858 0.0169434 
0.085825 0.0162162 
0.08585 0.0154949 
0.085875 0.0147796 
0.0859 0.0140705 
0.085925 0.0133674 
0.08595 0.0126704 
0.085975 0.0119794 
0.086 0.0112944 
0.086025 0.0106153 
0.08605 0.00994169 
0.086075 0.00927353 
0.0861 0.00861049 
0.086125 0.00795211 
0.08615 0.00729819 
0.086175 0.00664797 
0.0862 0.0060009 
0.086225 0.00535636 
0.08625 0.00471349 
0.086275 0.00407158 
0.0863 0.00342988 
0.086325 0.00278723 
0.08635 0.00214237 
0.086375 0.00149385 
0.0864 0.000840479 
0.086425 0.000180858 
0.08645 -0.000486505 
0.086475 -0.00116225 
0.0865 -0.00184691 
0.086525 -0.00254075 
0.08655 -0.00324316 
0.086575 -0.00395185 
0.0866 -0.00466487 
0.086625 -0.00537912 
0.08665 -0.00609156 
0.086675 -0.00679926 
0.0867 -0.00750022 
0.086725 -0.0081931 
0.08675 -0.00887627 
0.086775 -0.00954945 
0.0868 -0.0102124 
0.086825 -0.0108663 
0.08685 -0.0115116 
0.086875 -0.0121486 
0.0869 -0.0127782 
0.086925 -0.0134016 
0.08695 -0.014019 
0.086975 -0.0146313 
0.087 -0.0152396 
0.087025 -0.0158446 
0.08705 -0.0164468 
0.087075 -0.0170467 
0.0871 -0.017645 
0.087125 -0.0182424 
0.08715 -0.0188395 
0.087175 -0.0194361 
0.0872 -0.020033 
0.087225 -0.0206305 
0.08725 -0.0212289 
0.087275 -0.0218278 
0.0873 -0.0224277 
0.087325 -0.0230286 
0.08735 -0.0236306 
0.087375 -0.0242339 
0.0874 -0.024838 
0.087425 -0.0254426 
0.08745 -0.0260475 
0.087475 -0.0266518 
0.0875 -0.0272556 
0.087525 -0.0278579 
0.08755 -0.0284581 
0.087575 -0.0290555 
0.0876 -0.0296496 
0.087625 -0.0302391 
0.08765 -0.0308234 
0.087675 -0.0314015 
0.0877 -0.0319728 
0.087725 -0.0325361 
0.08775 -0.0330905 
0.087775 -0.0336352 
0.0878 -0.034169 
0.087825 -0.0346915 
0.08785 -0.0352013 
0.087875 -0.0356992 
0.0879 -0.0361831 
0.087925 -0.0366533 
0.08795 -0.0371094 
0.087975 -0.037551 
0.088 -0.0379782 
0.088025 -0.0383905 
0.08805 -0.0387879 
0.088075 -0.0391704 
0.0881 -0.0395383 
0.088125 -0.0398917 
0.08815 -0.0402308 
0.088175 -0.0405557 
0.0882 -0.0408671 
0.088225 -0.0411652 
0.08825 -0.0414503 
0.088275 -0.041723 
0.0883 -0.0419836 
0.088325 -0.0422326 
0.08835 -0.0424705 
0.088375 -0.0426975 
0.0884 -0.0429142 
0.088425 -0.043121 
0.08845 -0.0433183 
0.088475 -0.0435066 
0.0885 -0.0436862 
0.088525 -0.0438576 
0.08855 -0.0440211 
0.088575 -0.0441771 
0.0886 -0.0443259 
0.088625 -0.0444679 
0.08865 -0.0446032 
0.088675 -0.0447323 
0.0887 -0.0448555 
0.088725 -0.0449729 
0.08875 -0.0450849 
0.088775 -0.0451916 
0.0888 -0.0452934 
0.088825 -0.0453904 
0.08885 -0.0454827 
0.088875 -0.0455707 
0.0889 -0.0456544 
0.088925 -0.0457341 
0.08895 -0.0458099 
0.088975 -0.045882 
0.089 -0.0459504 
0.089025 -0.0460154 
0.08905 -0.0460771 
0.089075 -0.0461356 
0.0891 -0.0461909 
0.089125 -0.0462432 
0.08915 -0.0462926 
0.089175 -0.0463392 
0.0892 -0.0463831 
0.089225 -0.0464244 
0.08925 -0.0464631 
0.089275 -0.0464995 
0.0893 -0.0465335 
0.089325 -0.0465653 
0.08935 -0.0465952 
0.089375 -0.046623 
0.0894 -0.0466489 
0.089425 -0.0466731 
0.08945 -0.0466957 
0.089475 -0.0467166 
0.0895 -0.0467363 
0.089525 -0.0467545 
0.08955 -0.0467718 
0.089575 -0.046788 
0.0896 -0.046803 
0.089625 -0.0468175 
0.08965 -0.0468313 
0.089675 -0.0468442 
0.0897 -0.0468564 
0.089725 -0.0468683 
0.08975 -0.0468796 
0.089775 -0.0468903 
0.0898 -0.0469003 
0.089825 -0.0469103 
0.08985 -0.0469201 
0.089875 -0.0469295 
0.0899 -0.0469385 
0.089925 -0.046947 
0.08995 -0.0469552 
0.089975 -0.0469636 
0.09 -0.046972 
0.090025 -0.0469801 
0.09005 -0.0469876 
0.090075 -0.0469948 
0.0901 -0.0470015 
0.090125 -0.0470085 
0.09015 -0.0470155 
0.090175 -0.0470223 
0.0902 -0.0470287 
0.090225 -0.0470346 
0.09025 -0.0470399 
0.090275 -0.0470446 
0.0903 -0.0470486 
0.090325 -0.0470522 
0.09035 -0.0470562 
0.090375 -0.0470597 
0.0904 -0.0470626 
0.090425 -0.0470647 
0.09045 -0.0470659 
0.090475 -0.0470661 
0.0905 -0.0470652 
0.090525 -0.047063 
0.09055 -0.0470595 
0.090575 -0.0470544 
0.0906 -0.0470476 
0.090625 -0.0470381 
0.09065 -0.0470259 
0.090675 -0.0470111 
0.0907 -0.0469936 
0.090725 -0.0469719 
0.09075 -0.0469463 
0.090775 -0.0469155 
0.0908 -0.0468791 
0.090825 -0.0468356 
0.09085 -0.0467837 
0.090875 -0.0467216 
0.0909 -0.0466469 
0.090925 -0.0465561 
0.09095 -0.0464445 
0.090975 -0.0463053 
0.091 -0.0461279 
0.091025 -0.0458946 
0.09105 -0.0455738 
0.091075 -0.0451015 
0.0911 -0.0443255 
0.091125 -0.0429272 
0.09115 -0.0409123 
0.091175 -0.0388899 
0.0912 -0.0369539 
0.091225 -0.0349579 
0.09125 -0.0327729 
0.091275 -0.0302841 
0.0913 -0.0273729 
0.091325 -0.023913 
0.09135 -0.019772 
0.091375 -0.0148388 
0.0914 -0.00908914 
0.091425 -0.00276475 
0.09145 0.00343014 
0.091475 0.00853346 
0.0915 0.0120265 
0.091525 0.0140744 
0.09155 0.0151143 
0.091575 0.0155246 
0.0916 0.0155563 
0.091625 0.0153607 
0.09165 0.0150258 
0.091675 0.0146011 
0.0917 0.0141144 
0.091725 0.0135816 
0.09175 0.0130126 
0.091775 0.0124144 
0.0918 0.0117927 
0.091825 0.0111519 
0.09185 0.0104962 
0.091875 0.00982899 
0.0919 0.00915318 
0.091925 0.00847124 
0.09195 0.00778515 
0.091975 0.00709646 
0.092 0.00640634 
0.092025 0.00571566 
0.09205 0.00502517 
0.092075 0.0043352 
0.0921 0.00364605 
0.092125 0.00295778 
0.09215 0.00227036 
0.092175 0.00158355 
0.0922 0.000896935 
0.092225 0.000210022 
0.09225 -0.000477661 
0.092275 -0.00116676 
0.0923 -0.00185824 
0.092325 -0.00255305 
0.09235 -0.00325247 
0.092375 -0.00395784 
0.0924 -0.00467053 
0.092425 -0.00539282 
0.09245 -0.00612706 
0.092475 -0.00687607 
0.0925 -0.00764284 
0.092525 -0.00843017 
0.09255 -0.0092423 
0.092575 -0.0100825 
0.0926 -0.0109542 
0.092625 -0.0118597 
0.09265 -0.0127997 
0.092675 -0.0137728 
0.0927 -0.0147776 
0.092725 -0.0158099 
0.09275 -0.0168668 
0.092775 -0.0179449 
0.0928 -0.0190416 
0.092825 -0.0201554 
0.09285 -0.0212856 
0.092875 -0.0224318 
0.0929 -0.0235939 
0.092925 -0.0247715 
0.09295 -0.0259643 
0.092975 -0.0271708 
0.093 -0.0283891 
0.093025 -0.0296166 
0.09305 -0.0308497 
0.093075 -0.0320837 
0.0931 -0.0333139 
0.093125 -0.0345348 
0.09315 -0.0357404 
0.093175 -0.0369245 
0.0932 -0.0380811 
0.093225 -0.0392043 
0.09325 -0.0402889 
0.093275 -0.0413304 
0.0933 -0.0423249 
0.093325 -0.04327 
0.09335 -0.044164 
0.093375 -0.0450061 
0.0934 -0.0457962 
0.093425 -0.0465351 
0.09345 -0.0472245 
0.093475 -0.0478662 
0.0935 -0.0484624 
0.093525 -0.0490157 
0.09355 -0.0495288 
0.093575 -0.0500042 
0.0936 -0.0504448 
0.093625 -0.050853 
0.09365 -0.0512314 
0.093675 -0.0515824 
0.0937 -0.0519082 
0.093725 -0.0522109 
0.09375 -0.0524924 
0.093775 -0.0527545 
0.0938 -0.0529988 
0.093825 -0.0532268 
0.09385 -0.0534399 
0.093875 -0.0536394 
0.0939 -0.0538263 
0.093925 -0.0540016 
0.09395 -0.0541665 
0.093975 -0.0543216 
0.094 -0.0544679 
0.094025 -0.0546059 
0.09405 -0.0547363 
0.094075 -0.0548597 
0.0941 -0.0549768 
0.094125 -0.0550878 
0.09415 -0.0551934 
0.094175 -0.055294 
0.0942 -0.0553899 
0.094225 -0.0554814 
0.09425 -0.0555688 
0.094275 -0.0556526 
0.0943 -0.0557328 
0.094325 -0.0558099 
0.09435 -0.0558839 
0.094375 -0.0559551 
0.0944 -0.0560237 
0.094425 -0.0560899 
0.09445 -0.0561538 
0.094475 -0.0562156 
0.0945 -0.0562755 
0.094525 -0.0563335 
0.09455 -0.0563897 
0.094575 -0.0564444 
0.0946 -0.0564976 
0.094625 -0.0565493 
0.09465 -0.0565997 
0.094675 -0.0566489 
0.0947 -0.0566969 
0.094725 -0.0567439 
0.09475 -0.0567898 
0.094775 -0.0568348 
0.0948 -0.0568789 
0.094825 -0.0569221 
0.09485 -0.0569646 
0.094875 -0.0570063 
0.0949 -0.0570474 
0.094925 -0.0570878 
0.09495 -0.0571276 
0.094975 -0.0571668 
0.095 -0.0572055 
0.095025 -0.0572437 
0.09505 -0.0572814 
0.095075 -0.0573187 
0.0951 -0.0573556 
0.095125 -0.0573921 
0.09515 -0.0574283 
0.095175 -0.0574641 
0.0952 -0.0574995 
0.095225 -0.0575347 
0.09525 -0.0575697 
0.095275 -0.0576043 
0.0953 -0.0576388 
0.095325 -0.057673 
0.09535 -0.057707 
0.095375 -0.0577409 
0.0954 -0.0577746 
0.095425 -0.0578081 
0.09545 -0.0578415 
0.095475 -0.0578747 
0.0955 -0.0579079 
0.095525 -0.0579409 
0.09555 -0.0579738 
0.095575 -0.0580066 
0.0956 -0.0580394 
0.095625 -0.058072 
0.09565 -0.0581046 
0.095675 -0.0581371 
0.0957 -0.0581696 
0.095725 -0.058202 
0.09575 -0.0582344 
0.095775 -0.0582667 
0.0958 -0.058299 
0.095825 -0.0583313 
0.09585 -0.0583636 
0.095875 -0.0583958 
0.0959 -0.0584281 
0.095925 -0.0584603 
0.09595 -0.0584925 
0.095975 -0.0585248 
0.096 -0.058557 
0.096025 -0.0585892 
0.09605 -0.0586215 
0.096075 -0.0586537 
0.0961 -0.0586861 
0.096125 -0.0587183 
0.09615 -0.0587506 
0.096175 -0.058783 
0.0962 -0.0588153 
0.096225 -0.0588477 
0.09625 -0.0588801 
0.096275 -0.0589125 
0.0963 -0.058945 
0.096325 -0.0589774 
0.09635 -0.0590099 
0.096375 -0.0590425 
0.0964 -0.059075 
0.096425 -0.0591076 
0.09645 -0.0591402 
0.096475 -0.0591728 
0.0965 -0.0592055 
0.096525 -0.0592382 
0.09655 -0.0592709 
0.096575 -0.0593036 
0.0966 -0.0593364 
0.096625 -0.0593692 
0.09665 -0.059402 
0.096675 -0.0594348 
0.0967 -0.0594677 
0.096725 -0.0595005 
0.09675 -0.0595335 
0.096775 -0.0595664 
0.0968 -0.0595993 
0.096825 -0.0596322 
0.09685 -0.0596652 
0.096875 -0.0596982 
0.0969 -0.0597312 
0.096925 -0.0597642 
0.09695 -0.0597973 
0.096975 -0.0598303 
0.097 -0.0598634 
0.097025 -0.0598965 
0.09705 -0.0599295 
0.097075 -0.0599625 
0.0971 -0.0599956 
0.097125 -0.0600286 
0.09715 -0.0600616 
0.097175 -0.0600947 
0.0972 -0.0601277 
0.097225 -0.0601606 
0.09725 -0.0601936 
0.097275 -0.0602266 
0.0973 -0.0602595 
0.097325 -0.0602924 
0.09735 -0.0603253 
0.097375 -0.0603581 
0.0974 -0.060391 
0.097425 -0.0604238 
0.09745 -0.0604566 
0.097475 -0.0604894 
0.0975 -0.0605221 
0.097525 -0.0605547 
0.09755 -0.0605874 
0.097575 -0.06062 
0.0976 -0.0606526 
0.097625 -0.0606852 
0.09765 -0.0607177 
0.097675 -0.0607501 
0.0977 -0.0607826 
0.097725 -0.0608149 
0.09775 -0.0608473 
0.097775 -0.0608795 
0.0978 -0.0609117 
0.097825 -0.0609439 
0.09785 -0.060976 
0.097875 -0.061008 
0.0979 -0.06104 
0.097925 -0.0610719 
0.09795 -0.0611037 
0.097975 -0.0611355 
0.098 -0.0611671 
0.098025 -0.0611988 
0.09805 -0.0612303 
0.098075 -0.0612617 
0.0981 -0.0612931 
0.098125 -0.0613244 
0.09815 -0.0613555 
0.098175 -0.0613867 
0.0982 -0.0614177 
0.098225 -0.0614486 
0.09825 -0.0614795 
0.098275 -0.0615103 
0.0983 -0.061541 
0.098325 -0.0615716 
0.09835 -0.0616021 
0.098375 -0.0616325 
0.0984 -0.0616628 
0.098425 -0.0616931 
0.09845 -0.0617232 
0.098475 -0.0617532 
0.0985 -0.0617832 
0.098525 -0.061813 
0.09855 -0.0618427 
0.098575 -0.0618724 
0.0986 -0.0619019 
0.098625 -0.0619313 
0.09865 -0.0619605 
0.098675 -0.0619897 
0.0987 -0.0620188 
0.098725 -0.0620478 
0.09875 -0.0620766 
0.098775 -0.0621054 
0.0988 -0.062134 
0.098825 -0.0621625 
0.09885 -0.0621909 
0.098875 -0.0622192 
0.0989 -0.0622473 
0.098925 -0.0622754 
0.09895 -0.0623033 
0.098975 -0.0623311 
0.099 -0.0623588 
0.099025 -0.0623864 
0.09905 -0.0624138 
0.099075 -0.0624411 
0.0991 -0.0624683 
0.099125 -0.0624953 
0.09915 -0.0625223 
0.099175 -0.0625491 
0.0992 -0.0625757 
0.099225 -0.0626023 
0.09925 -0.0626287 
0.099275 -0.0626549 
0.0993 -0.0626811 
0.099325 -0.0627071 
0.09935 -0.062733 
0.099375 -0.0627587 
0.0994 -0.0627844 
0.099425 -0.0628099 
0.09945 -0.0628353 
0.099475 -0.0628605 
0.0995 -0.0628856 
0.099525 -0.0629106 
0.09955 -0.0629354 
0.099575 -0.0629601 
0.0996 -0.0629847 
0.099625 -0.0630091 
0.09965 -0.0630334 
0.099675 -0.0630575 
0.0997 -0.0630816 
0.099725 -0.0631055 
0.09975 -0.0631292 
0.099775 -0.0631528 
0.0998 -0.0631763 
0.099825 -0.0631996 
0.09985 -0.0632228 
0.099875 -0.0632458 
0.0999 -0.0632688 
0.099925 -0.0632915 
0.09995 -0.0633142 
0.099975 -0.0633367 
