0 -0.0668481 
2.5e-05 -0.0667409 
5e-05 -0.0666618 
7.5e-05 -0.0665928 
0.0001 -0.0665315 
0.000125 -0.0664777 
0.00015 -0.0664317 
0.000175 -0.0663938 
0.0002 -0.0663646 
0.000225 -0.0663445 
0.00025 -0.0663335 
0.000275 -0.066332 
0.0003 -0.0663397 
0.000325 -0.0663567 
0.00035 -0.0663828 
0.000375 -0.0664176 
0.0004 -0.0664609 
0.000425 -0.0665123 
0.00045 -0.0665714 
0.000475 -0.0666379 
0.0005 -0.0667112 
0.000525 -0.066791 
0.00055 -0.066877 
0.000575 -0.0669686 
0.0006 -0.0670655 
0.000625 -0.0671673 
0.00065 -0.0672736 
0.000675 -0.0673842 
0.0007 -0.0674985 
0.000725 -0.0676164 
0.00075 -0.0677376 
0.000775 -0.0678616 
0.0008 -0.0679883 
0.000825 -0.0681173 
0.00085 -0.0682485 
0.000875 -0.0683816 
0.0009 -0.0685164 
0.000925 -0.0686526 
0.00095 -0.06879 
0.000975 -0.0689286 
0.001 -0.0690681 
0.001025 -0.0692083 
0.00105 -0.0693491 
0.001075 -0.0694903 
0.0011 -0.0696318 
0.001125 -0.0697736 
0.00115 -0.0699154 
0.001175 -0.0700572 
0.0012 -0.0701988 
0.001225 -0.0703402 
0.00125 -0.0704812 
0.001275 -0.0706219 
0.0013 -0.070762 
0.001325 -0.0709016 
0.00135 -0.0710406 
0.001375 -0.0711789 
0.0014 -0.0713165 
0.001425 -0.0714532 
0.00145 -0.0715891 
0.001475 -0.0717241 
0.0015 -0.0718582 
0.001525 -0.0719913 
0.00155 -0.0721234 
0.001575 -0.0722544 
0.0016 -0.0723844 
0.001625 -0.0725133 
0.00165 -0.072641 
0.001675 -0.0727675 
0.0017 -0.0728929 
0.001725 -0.0730171 
0.00175 -0.0731401 
0.001775 -0.0732618 
0.0018 -0.0733823 
0.001825 -0.0735015 
0.00185 -0.0736194 
0.001875 -0.073736 
0.0019 -0.0738513 
0.001925 -0.0739654 
0.00195 -0.0740781 
0.001975 -0.0741895 
0.002 -0.0742995 
0.002025 -0.0744082 
0.00205 -0.0745156 
0.002075 -0.0746216 
0.0021 -0.0747263 
0.002125 -0.0748296 
0.00215 -0.0749315 
0.002175 -0.0750322 
0.0022 -0.0751314 
0.002225 -0.0752293 
0.00225 -0.0753259 
0.002275 -0.0754211 
0.0023 -0.0755149 
0.002325 -0.0756074 
0.00235 -0.0756986 
0.002375 -0.0757884 
0.0024 -0.0758769 
0.002425 -0.075964 
0.00245 -0.0760498 
0.002475 -0.0761343 
0.0025 -0.0762174 
0.002525 -0.0762993 
0.00255 -0.0763798 
0.002575 -0.076459 
0.0026 -0.076537 
0.002625 -0.0766136 
0.00265 -0.0766889 
0.002675 -0.076763 
0.0027 -0.0768358 
0.002725 -0.0769073 
0.00275 -0.0769776 
0.002775 -0.0770466 
0.0028 -0.0771144 
0.002825 -0.0771809 
0.00285 -0.0772462 
0.002875 -0.0773103 
0.0029 -0.0773732 
0.002925 -0.0774348 
0.00295 -0.0774953 
0.002975 -0.0775546 
0.003 -0.0776127 
0.003025 -0.0776697 
0.00305 -0.0777255 
0.003075 -0.0777801 
0.0031 -0.0778336 
0.003125 -0.077886 
0.00315 -0.0779373 
0.003175 -0.0779874 
0.0032 -0.0780365 
0.003225 -0.0780844 
0.00325 -0.0781313 
0.003275 -0.0781771 
0.0033 -0.0782218 
0.003325 -0.0782655 
0.00335 -0.0783082 
0.003375 -0.0783498 
0.0034 -0.0783904 
0.003425 -0.07843 
0.00345 -0.0784685 
0.003475 -0.0785061 
0.0035 -0.0785427 
0.003525 -0.0785784 
0.00355 -0.078613 
0.003575 -0.0786468 
0.0036 -0.0786796 
0.003625 -0.0787114 
0.00365 -0.0787423 
0.003675 -0.0787724 
0.0037 -0.0788015 
0.003725 -0.0788297 
0.00375 -0.0788571 
0.003775 -0.0788836 
0.0038 -0.0789092 
0.003825 -0.078934 
0.00385 -0.0789579 
0.003875 -0.0789811 
0.0039 -0.0790033 
0.003925 -0.0790248 
0.00395 -0.0790455 
0.003975 -0.0790654 
0.004 -0.0790845 
0.004025 -0.0791029 
0.00405 -0.0791205 
0.004075 -0.0791373 
0.0041 -0.0791534 
0.004125 -0.0791688 
0.00415 -0.0791835 
0.004175 -0.0791974 
0.0042 -0.0792106 
0.004225 -0.0792232 
0.00425 -0.079235 
0.004275 -0.0792462 
0.0043 -0.0792568 
0.004325 -0.0792666 
0.00435 -0.0792759 
0.004375 -0.0792844 
0.0044 -0.0792924 
0.004425 -0.0792997 
0.00445 -0.0793065 
0.004475 -0.0793126 
0.0045 -0.0793181 
0.004525 -0.0793231 
0.00455 -0.0793274 
0.004575 -0.0793312 
0.0046 -0.0793345 
0.004625 -0.0793372 
0.00465 -0.0793393 
0.004675 -0.0793409 
0.0047 -0.079342 
0.004725 -0.0793426 
0.00475 -0.0793426 
0.004775 -0.0793422 
0.0048 -0.0793412 
0.004825 -0.0793398 
0.00485 -0.0793379 
0.004875 -0.0793355 
0.0049 -0.0793327 
0.004925 -0.0793294 
0.00495 -0.0793256 
0.004975 -0.0793214 
0.005 -0.0793168 
0.005025 -0.0793118 
0.00505 -0.0793063 
0.005075 -0.0793004 
0.0051 -0.0792941 
0.005125 -0.0792874 
0.00515 -0.0792804 
0.005175 -0.0792729 
0.0052 -0.079265 
0.005225 -0.0792568 
0.00525 -0.0792482 
0.005275 -0.0792392 
0.0053 -0.0792299 
0.005325 -0.0792202 
0.00535 -0.0792102 
0.005375 -0.0791999 
0.0054 -0.0791892 
0.005425 -0.0791782 
0.00545 -0.0791668 
0.005475 -0.0791552 
0.0055 -0.0791433 
0.005525 -0.079131 
0.00555 -0.0791185 
0.005575 -0.0791056 
0.0056 -0.0790925 
0.005625 -0.0790791 
0.00565 -0.0790654 
0.005675 -0.0790514 
0.0057 -0.0790372 
0.005725 -0.0790227 
0.00575 -0.079008 
0.005775 -0.078993 
0.0058 -0.0789777 
0.005825 -0.0789622 
0.00585 -0.0789465 
0.005875 -0.0789306 
0.0059 -0.0789144 
0.005925 -0.078898 
0.00595 -0.0788813 
0.005975 -0.0788645 
0.006 -0.0788475 
0.006025 -0.0788302 
0.00605 -0.0788127 
0.006075 -0.0787951 
0.0061 -0.0787772 
0.006125 -0.0787592 
0.00615 -0.0787409 
0.006175 -0.0787225 
0.0062 -0.0787039 
0.006225 -0.0786851 
0.00625 -0.0786662 
0.006275 -0.0786471 
0.0063 -0.0786278 
0.006325 -0.0786083 
0.00635 -0.0785887 
0.006375 -0.078569 
0.0064 -0.0785491 
0.006425 -0.078529 
0.00645 -0.0785088 
0.006475 -0.0784885 
0.0065 -0.078468 
0.006525 -0.0784474 
0.00655 -0.0784267 
0.006575 -0.0784058 
0.0066 -0.0783848 
0.006625 -0.0783637 
0.00665 -0.0783424 
0.006675 -0.078321 
0.0067 -0.0782996 
0.006725 -0.078278 
0.00675 -0.0782563 
0.006775 -0.0782345 
0.0068 -0.0782125 
0.006825 -0.0781905 
0.00685 -0.0781684 
0.006875 -0.0781462 
0.0069 -0.0781239 
0.006925 -0.0781015 
0.00695 -0.078079 
0.006975 -0.0780564 
0.007 -0.0780337 
0.007025 -0.078011 
0.00705 -0.0779881 
0.007075 -0.0779652 
0.0071 -0.0779422 
0.007125 -0.0779191 
0.00715 -0.077896 
0.007175 -0.0778728 
0.0072 -0.0778495 
0.007225 -0.0778261 
0.00725 -0.0778027 
0.007275 -0.0777793 
0.0073 -0.0777557 
0.007325 -0.0777321 
0.00735 -0.0777084 
0.007375 -0.0776847 
0.0074 -0.0776609 
0.007425 -0.0776371 
0.00745 -0.0776132 
0.007475 -0.0775893 
0.0075 -0.0775653 
0.007525 -0.0775413 
0.00755 -0.0775172 
0.007575 -0.0774931 
0.0076 -0.0774689 
0.007625 -0.0774447 
0.00765 -0.0774205 
0.007675 -0.0773962 
0.0077 -0.0773719 
0.007725 -0.0773476 
0.00775 -0.0773232 
0.007775 -0.0772987 
0.0078 -0.0772743 
0.007825 -0.0772498 
0.00785 -0.0772253 
0.007875 -0.0772007 
0.0079 -0.0771762 
0.007925 -0.0771516 
0.00795 -0.077127 
0.007975 -0.0771023 
0.008 -0.0770777 
0.008025 -0.077053 
0.00805 -0.0770283 
0.008075 -0.0770035 
0.0081 -0.0769788 
0.008125 -0.076954 
0.00815 -0.0769292 
0.008175 -0.0769044 
0.0082 -0.0768796 
0.008225 -0.0768548 
0.00825 -0.07683 
0.008275 -0.0768051 
0.0083 -0.0767803 
0.008325 -0.0767554 
0.00835 -0.0767305 
0.008375 -0.0767056 
0.0084 -0.0766807 
0.008425 -0.0766558 
0.00845 -0.0766309 
0.008475 -0.076606 
0.0085 -0.0765811 
0.008525 -0.0765562 
0.00855 -0.0765312 
0.008575 -0.0765063 
0.0086 -0.0764814 
0.008625 -0.0764565 
0.00865 -0.0764315 
0.008675 -0.0764066 
0.0087 -0.0763817 
0.008725 -0.0763567 
0.00875 -0.0763318 
0.008775 -0.0763069 
0.0088 -0.076282 
0.008825 -0.0762571 
0.00885 -0.0762322 
0.008875 -0.0762073 
0.0089 -0.0761824 
0.008925 -0.0761575 
0.00895 -0.0761326 
0.008975 -0.0761077 
0.009 -0.0760829 
0.009025 -0.076058 
0.00905 -0.0760331 
0.009075 -0.0760083 
0.0091 -0.0759835 
0.009125 -0.0759587 
0.00915 -0.0759339 
0.009175 -0.0759091 
0.0092 -0.0758843 
0.009225 -0.0758595 
0.00925 -0.0758347 
0.009275 -0.07581 
0.0093 -0.0757853 
0.009325 -0.0757606 
0.00935 -0.0757359 
0.009375 -0.0757112 
0.0094 -0.0756865 
0.009425 -0.0756618 
0.00945 -0.0756372 
0.009475 -0.0756126 
0.0095 -0.075588 
0.009525 -0.0755634 
0.00955 -0.0755388 
0.009575 -0.0755143 
0.0096 -0.0754897 
0.009625 -0.0754652 
0.00965 -0.0754407 
0.009675 -0.0754162 
0.0097 -0.0753918 
0.009725 -0.0753673 
0.00975 -0.0753429 
0.009775 -0.0753185 
0.0098 -0.0752942 
0.009825 -0.0752698 
0.00985 -0.0752455 
0.009875 -0.0752212 
0.0099 -0.0751969 
0.009925 -0.0751726 
0.00995 -0.0751484 
0.009975 -0.0751241 
0.01 -0.0751 
0.010025 -0.0750758 
0.01005 -0.0750516 
0.010075 -0.0750275 
0.0101 -0.0750034 
0.010125 -0.0749793 
0.01015 -0.0749553 
0.010175 -0.0749312 
0.0102 -0.0749072 
0.010225 -0.0748833 
0.01025 -0.0748593 
0.010275 -0.0748354 
0.0103 -0.0748115 
0.010325 -0.0747876 
0.01035 -0.0747638 
0.010375 -0.0747399 
0.0104 -0.0747161 
0.010425 -0.0746924 
0.01045 -0.0746686 
0.010475 -0.0746449 
0.0105 -0.0746212 
0.010525 -0.0745976 
0.01055 -0.0745739 
0.010575 -0.0745503 
0.0106 -0.0745268 
0.010625 -0.0745032 
0.01065 -0.0744797 
0.010675 -0.0744562 
0.0107 -0.0744328 
0.010725 -0.0744093 
0.01075 -0.0743859 
0.010775 -0.0743626 
0.0108 -0.0743392 
0.010825 -0.0743159 
0.01085 -0.0742926 
0.010875 -0.0742694 
0.0109 -0.0742462 
0.010925 -0.074223 
0.01095 -0.0741998 
0.010975 -0.0741767 
0.011 -0.0741536 
0.011025 -0.0741305 
0.01105 -0.0741075 
0.011075 -0.0740845 
0.0111 -0.0740615 
0.011125 -0.0740385 
0.01115 -0.0740156 
0.011175 -0.0739927 
0.0112 -0.0739699 
0.011225 -0.0739471 
0.01125 -0.0739243 
0.011275 -0.0739015 
0.0113 -0.0738788 
0.011325 -0.0738561 
0.01135 -0.0738335 
0.011375 -0.0738108 
0.0114 -0.0737882 
0.011425 -0.0737657 
0.01145 -0.0737431 
0.011475 -0.0737206 
0.0115 -0.0736982 
0.011525 -0.0736758 
0.01155 -0.0736534 
0.011575 -0.073631 
0.0116 -0.0736087 
0.011625 -0.0735864 
0.01165 -0.0735641 
0.011675 -0.0735419 
0.0117 -0.0735197 
0.011725 -0.0734975 
0.01175 -0.0734754 
0.011775 -0.0734533 
0.0118 -0.0734312 
0.011825 -0.0734092 
0.01185 -0.0733872 
0.011875 -0.0733652 
0.0119 -0.0733433 
0.011925 -0.0733214 
0.01195 -0.0732996 
0.011975 -0.0732777 
0.012 -0.0732559 
0.012025 -0.0732342 
0.01205 -0.0732125 
0.012075 -0.0731908 
0.0121 -0.0731691 
0.012125 -0.0731475 
0.01215 -0.0731259 
0.012175 -0.0731044 
0.0122 -0.0730829 
0.012225 -0.0730614 
0.01225 -0.07304 
0.012275 -0.0730186 
0.0123 -0.0729972 
0.012325 -0.0729758 
0.01235 -0.0729545 
0.012375 -0.0729333 
0.0124 -0.072912 
0.012425 -0.0728909 
0.01245 -0.0728697 
0.012475 -0.0728486 
0.0125 -0.0728275 
0.012525 -0.0728064 
0.01255 -0.0727854 
0.012575 -0.0727644 
0.0126 -0.0727435 
0.012625 -0.0727226 
0.01265 -0.0727017 
0.012675 -0.0726809 
0.0127 -0.07266 
0.012725 -0.0726393 
0.01275 -0.0726185 
0.012775 -0.0725978 
0.0128 -0.0725772 
0.012825 -0.0725566 
0.01285 -0.072536 
0.012875 -0.0725154 
0.0129 -0.0724949 
0.012925 -0.0724744 
0.01295 -0.072454 
0.012975 -0.0724336 
0.013 -0.0724132 
0.013025 -0.0723929 
0.01305 -0.0723726 
0.013075 -0.0723523 
0.0131 -0.0723321 
0.013125 -0.0723119 
0.01315 -0.0722917 
0.013175 -0.0722716 
0.0132 -0.0722515 
0.013225 -0.0722315 
0.01325 -0.0722115 
0.013275 -0.0721915 
0.0133 -0.0721716 
0.013325 -0.0721517 
0.01335 -0.0721318 
0.013375 -0.072112 
0.0134 -0.0720922 
0.013425 -0.0720724 
0.01345 -0.0720527 
0.013475 -0.0720331 
0.0135 -0.0720134 
0.013525 -0.0719938 
0.01355 -0.0719742 
0.013575 -0.0719547 
0.0136 -0.0719352 
0.013625 -0.0719157 
0.01365 -0.0718963 
0.013675 -0.0718769 
0.0137 -0.0718576 
0.013725 -0.0718383 
0.01375 -0.071819 
0.013775 -0.0717998 
0.0138 -0.0717806 
0.013825 -0.0717614 
0.01385 -0.0717423 
0.013875 -0.0717232 
0.0139 -0.0717041 
0.013925 -0.0716851 
0.01395 -0.0716661 
0.013975 -0.0716472 
0.014 -0.0716283 
0.014025 -0.0716094 
0.01405 -0.0715906 
0.014075 -0.0715718 
0.0141 -0.071553 
0.014125 -0.0715343 
0.01415 -0.0715156 
0.014175 -0.071497 
0.0142 -0.0714784 
0.014225 -0.0714598 
0.01425 -0.0714413 
0.014275 -0.0714227 
0.0143 -0.0714043 
0.014325 -0.0713859 
0.01435 -0.0713675 
0.014375 -0.0713491 
0.0144 -0.0713308 
0.014425 -0.0713125 
0.01445 -0.0712943 
0.014475 -0.0712761 
0.0145 -0.0712579 
0.014525 -0.0712398 
0.01455 -0.0712217 
0.014575 -0.0712036 
0.0146 -0.0711856 
0.014625 -0.0711676 
0.01465 -0.0711497 
0.014675 -0.0711318 
0.0147 -0.0711139 
0.014725 -0.0710961 
0.01475 -0.0710783 
0.014775 -0.0710605 
0.0148 -0.0710428 
0.014825 -0.0710251 
0.01485 -0.0710074 
0.014875 -0.0709898 
0.0149 -0.0709723 
0.014925 -0.0709547 
0.01495 -0.0709372 
0.014975 -0.0709197 
0.015 -0.0709023 
0.015025 -0.0708849 
0.01505 -0.0708676 
0.015075 -0.0708503 
0.0151 -0.070833 
0.015125 -0.0708157 
0.01515 -0.0707985 
0.015175 -0.0707814 
0.0152 -0.0707642 
0.015225 -0.0707471 
0.01525 -0.0707301 
0.015275 -0.0707131 
0.0153 -0.0706961 
0.015325 -0.0706791 
0.01535 -0.0706622 
0.015375 -0.0706453 
0.0154 -0.0706285 
0.015425 -0.0706117 
0.01545 -0.0705949 
0.015475 -0.0705782 
0.0155 -0.0705615 
0.015525 -0.0705448 
0.01555 -0.0705282 
0.015575 -0.0705116 
0.0156 -0.0704951 
0.015625 -0.0704786 
0.01565 -0.0704621 
0.015675 -0.0704457 
0.0157 -0.0704293 
0.015725 -0.0704129 
0.01575 -0.0703966 
0.015775 -0.0703803 
0.0158 -0.070364 
0.015825 -0.0703478 
0.01585 -0.0703316 
0.015875 -0.0703155 
0.0159 -0.0702994 
0.015925 -0.0702833 
0.01595 -0.0702673 
0.015975 -0.0702513 
0.016 -0.0702353 
0.016025 -0.0702194 
0.01605 -0.0702035 
0.016075 -0.0701877 
0.0161 -0.0701718 
0.016125 -0.0701561 
0.01615 -0.0701403 
0.016175 -0.0701246 
0.0162 -0.0701089 
0.016225 -0.0700933 
0.01625 -0.0700777 
0.016275 -0.0700621 
0.0163 -0.0700466 
0.016325 -0.0700311 
0.01635 -0.0700157 
0.016375 -0.0700003 
0.0164 -0.0699849 
0.016425 -0.0699695 
0.01645 -0.0699542 
0.016475 -0.069939 
0.0165 -0.0699237 
0.016525 -0.0699085 
0.01655 -0.0698934 
0.016575 -0.0698782 
0.0166 -0.0698631 
0.016625 -0.0698481 
0.01665 -0.0698331 
0.016675 -0.0698181 
0.0167 -0.0698031 
0.016725 -0.0697882 
0.01675 -0.0697733 
0.016775 -0.0697585 
0.0168 -0.0697437 
0.016825 -0.0697289 
0.01685 -0.0697142 
0.016875 -0.0696995 
0.0169 -0.0696848 
0.016925 -0.0696702 
0.01695 -0.0696556 
0.016975 -0.0696411 
0.017 -0.0696265 
0.017025 -0.0696121 
0.01705 -0.0695976 
0.017075 -0.0695832 
0.0171 -0.0695688 
0.017125 -0.0695545 
0.01715 -0.0695402 
0.017175 -0.0695259 
0.0172 -0.0695117 
0.017225 -0.0694975 
0.01725 -0.0694833 
0.017275 -0.0694692 
0.0173 -0.0694551 
0.017325 -0.0694411 
0.01735 -0.069427 
0.017375 -0.069413 
0.0174 -0.0693991 
0.017425 -0.0693852 
0.01745 -0.0693713 
0.017475 -0.0693574 
0.0175 -0.0693436 
0.017525 -0.0693299 
0.01755 -0.0693161 
0.017575 -0.0693024 
0.0176 -0.0692888 
0.017625 -0.0692751 
0.01765 -0.0692615 
0.017675 -0.069248 
0.0177 -0.0692344 
0.017725 -0.0692209 
0.01775 -0.0692075 
0.017775 -0.0691941 
0.0178 -0.0691807 
0.017825 -0.0691673 
0.01785 -0.069154 
0.017875 -0.0691407 
0.0179 -0.0691274 
0.017925 -0.0691142 
0.01795 -0.069101 
0.017975 -0.0690879 
0.018 -0.0690748 
0.018025 -0.0690617 
0.01805 -0.0690487 
0.018075 -0.0690357 
0.0181 -0.0690227 
0.018125 -0.0690097 
0.01815 -0.0689968 
0.018175 -0.068984 
0.0182 -0.0689711 
0.018225 -0.0689583 
0.01825 -0.0689456 
0.018275 -0.0689328 
0.0183 -0.0689201 
0.018325 -0.0689075 
0.01835 -0.0688949 
0.018375 -0.0688823 
0.0184 -0.0688697 
0.018425 -0.0688572 
0.01845 -0.0688447 
0.018475 -0.0688322 
0.0185 -0.0688198 
0.018525 -0.0688074 
0.01855 -0.0687951 
0.018575 -0.0687827 
0.0186 -0.0687704 
0.018625 -0.0687582 
0.01865 -0.068746 
0.018675 -0.0687338 
0.0187 -0.0687216 
0.018725 -0.0687095 
0.01875 -0.0686975 
0.018775 -0.0686854 
0.0188 -0.0686734 
0.018825 -0.0686614 
0.01885 -0.0686495 
0.018875 -0.0686375 
0.0189 -0.0686256 
0.018925 -0.0686138 
0.01895 -0.068602 
0.018975 -0.0685902 
0.019 -0.0685785 
0.019025 -0.0685667 
0.01905 -0.0685551 
0.019075 -0.0685435 
0.0191 -0.0685318 
0.019125 -0.0685202 
0.01915 -0.0685087 
0.019175 -0.0684972 
0.0192 -0.0684857 
0.019225 -0.0684742 
0.01925 -0.0684628 
0.019275 -0.0684515 
0.0193 -0.0684401 
0.019325 -0.0684288 
0.01935 -0.0684175 
0.019375 -0.0684063 
0.0194 -0.0683951 
0.019425 -0.0683839 
0.01945 -0.0683727 
0.019475 -0.0683616 
0.0195 -0.0683506 
0.019525 -0.0683395 
0.01955 -0.0683285 
0.019575 -0.0683175 
0.0196 -0.0683065 
0.019625 -0.0682957 
0.01965 -0.0682848 
0.019675 -0.0682739 
0.0197 -0.0682631 
0.019725 -0.0682523 
0.01975 -0.0682416 
0.019775 -0.0682308 
0.0198 -0.0682201 
0.019825 -0.0682095 
0.01985 -0.0681989 
0.019875 -0.0681883 
0.0199 -0.0681777 
0.019925 -0.0681671 
0.01995 -0.0681566 
0.019975 -0.0681462 
0.02 -0.0681358 
0.020025 -0.0681253 
0.02005 -0.068115 
0.020075 -0.0681046 
0.0201 -0.0680944 
0.020125 -0.0680841 
0.02015 -0.0680738 
0.020175 -0.0680636 
0.0202 -0.0680534 
0.020225 -0.0680433 
0.02025 -0.0680332 
0.020275 -0.0680231 
0.0203 -0.068013 
0.020325 -0.0680031 
0.02035 -0.0679931 
0.020375 -0.0679831 
0.0204 -0.0679732 
0.020425 -0.0679633 
0.02045 -0.0679535 
0.020475 -0.0679437 
0.0205 -0.0679339 
0.020525 -0.0679241 
0.02055 -0.0679143 
0.020575 -0.0679046 
0.0206 -0.067895 
0.020625 -0.0678854 
0.02065 -0.0678757 
0.020675 -0.0678661 
0.0207 -0.0678566 
0.020725 -0.0678471 
0.02075 -0.0678376 
0.020775 -0.0678281 
0.0208 -0.0678187 
0.020825 -0.0678093 
0.02085 -0.0678 
0.020875 -0.0677906 
0.0209 -0.0677813 
0.020925 -0.067772 
0.02095 -0.0677628 
0.020975 -0.0677536 
0.021 -0.0677445 
0.021025 -0.0677353 
0.02105 -0.0677262 
0.021075 -0.0677171 
0.0211 -0.067708 
0.021125 -0.067699 
0.02115 -0.06769 
0.021175 -0.0676811 
0.0212 -0.0676721 
0.021225 -0.0676632 
0.02125 -0.0676543 
0.021275 -0.0676455 
0.0213 -0.0676367 
0.021325 -0.0676279 
0.02135 -0.0676192 
0.021375 -0.0676104 
0.0214 -0.0676018 
0.021425 -0.0675932 
0.02145 -0.0675845 
0.021475 -0.0675759 
0.0215 -0.0675673 
0.021525 -0.0675588 
0.02155 -0.0675503 
0.021575 -0.0675419 
0.0216 -0.0675334 
0.021625 -0.067525 
0.02165 -0.0675166 
0.021675 -0.0675082 
0.0217 -0.0674999 
0.021725 -0.0674916 
0.02175 -0.0674833 
0.021775 -0.0674751 
0.0218 -0.0674668 
0.021825 -0.0674587 
0.02185 -0.0674506 
0.021875 -0.0674425 
0.0219 -0.0674344 
0.021925 -0.0674263 
0.02195 -0.0674182 
0.021975 -0.0674102 
0.022 -0.0674023 
0.022025 -0.0673944 
0.02205 -0.0673864 
0.022075 -0.0673785 
0.0221 -0.0673706 
0.022125 -0.0673628 
0.02215 -0.067355 
0.022175 -0.0673473 
0.0222 -0.0673396 
0.022225 -0.0673319 
0.02225 -0.0673241 
0.022275 -0.0673165 
0.0223 -0.0673088 
0.022325 -0.0673013 
0.02235 -0.0672938 
0.022375 -0.0672862 
0.0224 -0.0672787 
0.022425 -0.0672712 
0.02245 -0.0672637 
0.022475 -0.0672563 
0.0225 -0.0672489 
0.022525 -0.0672416 
0.02255 -0.0672342 
0.022575 -0.0672269 
0.0226 -0.0672196 
0.022625 -0.0672123 
0.02265 -0.0672051 
0.022675 -0.067198 
0.0227 -0.0671908 
0.022725 -0.0671836 
0.02275 -0.0671765 
0.022775 -0.0671694 
0.0228 -0.0671623 
0.022825 -0.0671553 
0.02285 -0.0671484 
0.022875 -0.0671414 
0.0229 -0.0671344 
0.022925 -0.0671274 
0.02295 -0.0671205 
0.022975 -0.0671137 
0.023 -0.0671068 
0.023025 -0.0671001 
0.02305 -0.0670933 
0.023075 -0.0670865 
0.0231 -0.0670798 
0.023125 -0.0670731 
0.02315 -0.0670664 
0.023175 -0.0670597 
0.0232 -0.0670532 
0.023225 -0.0670466 
0.02325 -0.06704 
0.023275 -0.0670334 
0.0233 -0.0670269 
0.023325 -0.0670204 
0.02335 -0.0670139 
0.023375 -0.0670075 
0.0234 -0.0670012 
0.023425 -0.0669948 
0.02345 -0.0669884 
0.023475 -0.0669821 
0.0235 -0.0669758 
0.023525 -0.0669695 
0.02355 -0.0669633 
0.023575 -0.0669571 
0.0236 -0.0669509 
0.023625 -0.0669448 
0.02365 -0.0669386 
0.023675 -0.0669325 
0.0237 -0.0669264 
0.023725 -0.0669203 
0.02375 -0.0669143 
0.023775 -0.0669083 
0.0238 -0.0669024 
0.023825 -0.0668965 
0.02385 -0.0668905 
0.023875 -0.0668846 
0.0239 -0.0668787 
0.023925 -0.0668728 
0.02395 -0.066867 
0.023975 -0.0668612 
0.024 -0.0668555 
0.024025 -0.0668498 
0.02405 -0.0668441 
0.024075 -0.0668384 
0.0241 -0.0668326 
0.024125 -0.066827 
0.02415 -0.0668213 
0.024175 -0.0668158 
0.0242 -0.0668102 
0.024225 -0.0668047 
0.02425 -0.0667993 
0.024275 -0.0667938 
0.0243 -0.0667883 
0.024325 -0.0667828 
0.02435 -0.0667774 
0.024375 -0.066772 
0.0244 -0.0667666 
0.024425 -0.0667613 
0.02445 -0.066756 
0.024475 -0.0667508 
0.0245 -0.0667456 
0.024525 -0.0667403 
0.02455 -0.0667351 
0.024575 -0.0667298 
0.0246 -0.0667246 
0.024625 -0.0667195 
0.02465 -0.0667144 
0.024675 -0.0667093 
0.0247 -0.0667043 
0.024725 -0.0666994 
0.02475 -0.0666944 
0.024775 -0.0666894 
0.0248 -0.0666843 
0.024825 -0.0666793 
0.02485 -0.0666744 
0.024875 -0.0666695 
0.0249 -0.0666646 
0.024925 -0.0666598 
0.02495 -0.0666551 
0.024975 -0.0666504 
0.025 -0.0666456 
0.025025 -0.0666409 
0.02505 -0.0666361 
0.025075 -0.0666313 
0.0251 -0.0666266 
0.025125 -0.0666219 
0.02515 -0.0666173 
0.025175 -0.0666127 
0.0252 -0.0666081 
0.025225 -0.0666036 
0.02525 -0.0665992 
0.025275 -0.0665947 
0.0253 -0.0665902 
0.025325 -0.0665857 
0.02535 -0.0665812 
0.025375 -0.0665768 
0.0254 -0.0665723 
0.025425 -0.0665679 
0.02545 -0.0665636 
0.025475 -0.0665593 
0.0255 -0.066555 
0.025525 -0.0665509 
0.02555 -0.0665467 
0.025575 -0.0665424 
0.0256 -0.0665382 
0.025625 -0.066534 
0.02565 -0.0665298 
0.025675 -0.0665256 
0.0257 -0.0665214 
0.025725 -0.0665173 
0.02575 -0.0665133 
0.025775 -0.0665092 
0.0258 -0.0665053 
0.025825 -0.0665014 
0.02585 -0.0664975 
0.025875 -0.0664935 
0.0259 -0.0664895 
0.025925 -0.0664855 
0.02595 -0.0664816 
0.025975 -0.0664777 
0.026 -0.0664738 
0.026025 -0.06647 
0.02605 -0.0664662 
0.026075 -0.0664624 
0.0261 -0.0664587 
0.026125 -0.066455 
0.02615 -0.0664514 
0.026175 -0.0664477 
0.0262 -0.0664441 
0.026225 -0.0664404 
0.02625 -0.0664367 
0.026275 -0.066433 
0.0263 -0.0664294 
0.026325 -0.0664258 
0.02635 -0.0664223 
0.026375 -0.0664188 
0.0264 -0.0664153 
0.026425 -0.0664119 
0.02645 -0.0664085 
0.026475 -0.0664051 
0.0265 -0.0664017 
0.026525 -0.0663984 
0.02655 -0.066395 
0.026575 -0.0663916 
0.0266 -0.0663882 
0.026625 -0.0663849 
0.02665 -0.0663815 
0.026675 -0.0663782 
0.0267 -0.066375 
0.026725 -0.0663718 
0.02675 -0.0663686 
0.026775 -0.0663655 
0.0268 -0.0663624 
0.026825 -0.0663593 
0.02685 -0.0663562 
0.026875 -0.0663532 
0.0269 -0.0663502 
0.026925 -0.0663471 
0.02695 -0.0663441 
0.026975 -0.066341 
0.027 -0.0663379 
0.027025 -0.0663348 
0.02705 -0.0663318 
0.027075 -0.0663288 
0.0271 -0.0663258 
0.027125 -0.0663229 
0.02715 -0.0663201 
0.027175 -0.0663173 
0.0272 -0.0663145 
0.027225 -0.0663117 
0.02725 -0.066309 
0.027275 -0.0663063 
0.0273 -0.0663036 
0.027325 -0.066301 
0.02735 -0.0662984 
0.027375 -0.0662956 
0.0274 -0.0662929 
0.027425 -0.0662901 
0.02745 -0.0662873 
0.027475 -0.0662846 
0.0275 -0.0662819 
0.027525 -0.0662793 
0.02755 -0.0662767 
0.027575 -0.0662741 
0.0276 -0.0662716 
0.027625 -0.0662691 
0.02765 -0.0662667 
0.027675 -0.0662643 
0.0277 -0.0662619 
0.027725 -0.0662595 
0.02775 -0.0662572 
0.027775 -0.0662549 
0.0278 -0.0662526 
0.027825 -0.0662503 
0.02785 -0.066248 
0.027875 -0.0662457 
0.0279 -0.0662433 
0.027925 -0.066241 
0.02795 -0.0662386 
0.027975 -0.0662363 
0.028 -0.066234 
0.028025 -0.0662317 
0.02805 -0.0662294 
0.028075 -0.0662272 
0.0281 -0.066225 
0.028125 -0.0662229 
0.02815 -0.0662208 
0.028175 -0.0662187 
0.0282 -0.0662167 
0.028225 -0.0662146 
0.02825 -0.0662126 
0.028275 -0.0662107 
0.0283 -0.0662087 
0.028325 -0.0662068 
0.02835 -0.0662049 
0.028375 -0.066203 
0.0284 -0.0662012 
0.028425 -0.0661994 
0.02845 -0.0661974 
0.028475 -0.0661955 
0.0285 -0.0661935 
0.028525 -0.0661915 
0.02855 -0.0661895 
0.028575 -0.0661876 
0.0286 -0.0661858 
0.028625 -0.0661839 
0.02865 -0.0661821 
0.028675 -0.0661803 
0.0287 -0.0661786 
0.028725 -0.0661769 
0.02875 -0.0661752 
0.028775 -0.0661735 
0.0288 -0.0661718 
0.028825 -0.0661702 
0.02885 -0.0661686 
0.028875 -0.0661671 
0.0289 -0.0661655 
0.028925 -0.0661639 
0.02895 -0.0661624 
0.028975 -0.0661609 
0.029 -0.0661594 
0.029025 -0.066158 
0.02905 -0.0661565 
0.029075 -0.0661551 
0.0291 -0.0661537 
0.029125 -0.0661523 
0.02915 -0.066151 
0.029175 -0.0661497 
0.0292 -0.0661482 
0.029225 -0.0661467 
0.02925 -0.0661452 
0.029275 -0.0661437 
0.0293 -0.0661422 
0.029325 -0.0661407 
0.02935 -0.0661392 
0.029375 -0.0661378 
0.0294 -0.0661364 
0.029425 -0.066135 
0.02945 -0.0661337 
0.029475 -0.0661324 
0.0295 -0.0661311 
0.029525 -0.0661299 
0.02955 -0.0661287 
0.029575 -0.0661276 
0.0296 -0.0661265 
0.029625 -0.0661254 
0.02965 -0.0661243 
0.029675 -0.0661232 
0.0297 -0.0661222 
0.029725 -0.0661211 
0.02975 -0.0661201 
0.029775 -0.0661191 
0.0298 -0.0661182 
0.029825 -0.0661172 
0.02985 -0.0661163 
0.029875 -0.0661153 
0.0299 -0.0661144 
0.029925 -0.0661134 
0.02995 -0.0661125 
0.029975 -0.0661115 
0.03 -0.0661106 
0.030025 -0.0661097 
0.03005 -0.0661088 
0.030075 -0.066108 
0.0301 -0.0661072 
0.030125 -0.0661063 
0.03015 -0.0661056 
0.030175 -0.0661048 
0.0302 -0.066104 
0.030225 -0.0661033 
0.03025 -0.0661026 
0.030275 -0.0661019 
0.0303 -0.0661012 
0.030325 -0.0661005 
0.03035 -0.0660998 
0.030375 -0.066099 
0.0304 -0.0660982 
0.030425 -0.0660973 
0.03045 -0.0660964 
0.030475 -0.0660956 
0.0305 -0.0660947 
0.030525 -0.0660939 
0.03055 -0.0660931 
0.030575 -0.0660923 
0.0306 -0.0660916 
0.030625 -0.0660909 
0.03065 -0.0660902 
0.030675 -0.0660895 
0.0307 -0.0660888 
0.030725 -0.0660882 
0.03075 -0.0660875 
0.030775 -0.0660869 
0.0308 -0.0660863 
0.030825 -0.0660857 
0.03085 -0.0660852 
0.030875 -0.0660846 
0.0309 -0.0660841 
0.030925 -0.0660836 
0.03095 -0.0660831 
0.030975 -0.0660827 
0.031 -0.0660822 
0.031025 -0.0660818 
0.03105 -0.0660814 
0.031075 -0.066081 
0.0311 -0.0660807 
0.031125 -0.0660803 
0.03115 -0.06608 
0.031175 -0.0660796 
0.0312 -0.0660793 
0.031225 -0.066079 
0.03125 -0.0660787 
0.031275 -0.0660785 
0.0313 -0.0660782 
0.031325 -0.0660779 
0.03135 -0.0660777 
0.031375 -0.0660775 
0.0314 -0.0660773 
0.031425 -0.0660771 
0.03145 -0.0660769 
0.031475 -0.0660767 
0.0315 -0.0660765 
0.031525 -0.0660764 
0.03155 -0.0660762 
0.031575 -0.0660761 
0.0316 -0.066076 
0.031625 -0.0660759 
0.03165 -0.0660758 
0.031675 -0.0660757 
0.0317 -0.0660756 
0.031725 -0.0660755 
0.03175 -0.0660754 
0.031775 -0.0660754 
0.0318 -0.0660754 
0.031825 -0.0660753 
0.03185 -0.0660753 
0.031875 -0.0660753 
0.0319 -0.0660753 
0.031925 -0.0660753 
0.03195 -0.0660753 
0.031975 -0.0660753 
0.032 -0.0660753 
0.032025 -0.0660754 
0.03205 -0.0660754 
0.032075 -0.0660754 
0.0321 -0.0660755 
0.032125 -0.0660756 
0.03215 -0.0660756 
0.032175 -0.0660757 
0.0322 -0.0660758 
0.032225 -0.0660759 
0.03225 -0.066076 
0.032275 -0.0660761 
0.0323 -0.0660763 
0.032325 -0.0660764 
0.03235 -0.0660765 
0.032375 -0.0660767 
0.0324 -0.0660768 
0.032425 -0.066077 
0.03245 -0.0660772 
0.032475 -0.0660774 
0.0325 -0.0660776 
0.032525 -0.0660778 
0.03255 -0.066078 
0.032575 -0.0660782 
0.0326 -0.0660784 
0.032625 -0.0660787 
0.03265 -0.0660789 
0.032675 -0.0660792 
0.0327 -0.0660794 
0.032725 -0.0660797 
0.03275 -0.06608 
0.032775 -0.0660803 
0.0328 -0.0660806 
0.032825 -0.0660809 
0.03285 -0.0660812 
0.032875 -0.0660815 
0.0329 -0.0660819 
0.032925 -0.0660822 
0.03295 -0.0660825 
0.032975 -0.0660828 
0.033 -0.0660832 
0.033025 -0.0660835 
0.03305 -0.0660839 
0.033075 -0.0660842 
0.0331 -0.0660846 
0.033125 -0.0660849 
0.03315 -0.0660853 
0.033175 -0.0660857 
0.0332 -0.066086 
0.033225 -0.0660864 
0.03325 -0.0660868 
0.033275 -0.0660872 
0.0333 -0.0660877 
0.033325 -0.0660881 
0.03335 -0.0660886 
0.033375 -0.0660891 
0.0334 -0.0660895 
0.033425 -0.06609 
0.03345 -0.0660905 
0.033475 -0.066091 
0.0335 -0.0660915 
0.033525 -0.0660919 
0.03355 -0.0660924 
0.033575 -0.0660929 
0.0336 -0.0660934 
0.033625 -0.0660939 
0.03365 -0.0660944 
0.033675 -0.0660949 
0.0337 -0.0660954 
0.033725 -0.0660959 
0.03375 -0.0660964 
0.033775 -0.0660969 
0.0338 -0.0660975 
0.033825 -0.066098 
0.03385 -0.0660985 
0.033875 -0.066099 
0.0339 -0.0660996 
0.033925 -0.0661001 
0.03395 -0.0661008 
0.033975 -0.0661015 
0.034 -0.0661023 
0.034025 -0.0661032 
0.03405 -0.066104 
0.034075 -0.0661049 
0.0341 -0.0661057 
0.034125 -0.0661066 
0.03415 -0.0661074 
0.034175 -0.0661083 
0.0342 -0.0661091 
0.034225 -0.06611 
0.03425 -0.0661109 
0.034275 -0.0661117 
0.0343 -0.0661126 
0.034325 -0.0661134 
0.03435 -0.0661142 
0.034375 -0.066115 
0.0344 -0.0661159 
0.034425 -0.0661167 
0.03445 -0.0661176 
0.034475 -0.0661184 
0.0345 -0.0661193 
0.034525 -0.0661201 
0.03455 -0.066121 
0.034575 -0.0661218 
0.0346 -0.0661226 
0.034625 -0.0661234 
0.03465 -0.0661242 
0.034675 -0.0661251 
0.0347 -0.0661258 
0.034725 -0.0661266 
0.03475 -0.0661274 
0.034775 -0.0661282 
0.0348 -0.066129 
0.034825 -0.0661298 
0.03485 -0.0661305 
0.034875 -0.0661313 
0.0349 -0.0661321 
0.034925 -0.0661329 
0.03495 -0.0661336 
0.034975 -0.0661344 
0.035 -0.0661352 
0.035025 -0.066136 
0.03505 -0.0661369 
0.035075 -0.0661377 
0.0351 -0.0661386 
0.035125 -0.0661394 
0.03515 -0.0661403 
0.035175 -0.0661411 
0.0352 -0.066142 
0.035225 -0.0661428 
0.03525 -0.0661436 
0.035275 -0.0661445 
0.0353 -0.0661453 
0.035325 -0.0661461 
0.03535 -0.066147 
0.035375 -0.0661478 
0.0354 -0.0661486 
0.035425 -0.0661495 
0.03545 -0.0661503 
0.035475 -0.0661512 
0.0355 -0.0661523 
0.035525 -0.0661534 
0.03555 -0.0661545 
0.035575 -0.0661556 
0.0356 -0.0661567 
0.035625 -0.0661579 
0.03565 -0.066159 
0.035675 -0.0661601 
0.0357 -0.0661612 
0.035725 -0.0661623 
0.03575 -0.0661634 
0.035775 -0.0661645 
0.0358 -0.0661656 
0.035825 -0.0661667 
0.03585 -0.0661678 
0.035875 -0.0661688 
0.0359 -0.0661699 
0.035925 -0.066171 
0.03595 -0.066172 
0.035975 -0.066173 
0.036 -0.0661741 
0.036025 -0.0661751 
0.03605 -0.0661761 
0.036075 -0.0661771 
0.0361 -0.0661781 
0.036125 -0.0661791 
0.03615 -0.0661801 
0.036175 -0.0661811 
0.0362 -0.0661821 
0.036225 -0.0661831 
0.03625 -0.066184 
0.036275 -0.066185 
0.0363 -0.066186 
0.036325 -0.066187 
0.03635 -0.066188 
0.036375 -0.066189 
0.0364 -0.06619 
0.036425 -0.066191 
0.03645 -0.066192 
0.036475 -0.066193 
0.0365 -0.066194 
0.036525 -0.0661949 
0.03655 -0.0661959 
0.036575 -0.0661969 
0.0366 -0.0661978 
0.036625 -0.0661988 
0.03665 -0.0661998 
0.036675 -0.0662008 
0.0367 -0.0662019 
0.036725 -0.0662031 
0.03675 -0.0662043 
0.036775 -0.0662056 
0.0368 -0.0662068 
0.036825 -0.066208 
0.03685 -0.0662093 
0.036875 -0.0662105 
0.0369 -0.0662117 
0.036925 -0.0662129 
0.03695 -0.0662141 
0.036975 -0.0662153 
0.037 -0.0662165 
0.037025 -0.0662177 
0.03705 -0.0662189 
0.037075 -0.0662201 
0.0371 -0.0662213 
0.037125 -0.0662225 
0.03715 -0.0662236 
0.037175 -0.0662248 
0.0372 -0.0662259 
0.037225 -0.066227 
0.03725 -0.0662281 
0.037275 -0.0662292 
0.0373 -0.0662303 
0.037325 -0.0662314 
0.03735 -0.0662324 
0.037375 -0.0662335 
0.0374 -0.0662345 
0.037425 -0.0662356 
0.03745 -0.0662366 
0.037475 -0.0662377 
0.0375 -0.0662387 
0.037525 -0.0662398 
0.03755 -0.0662408 
0.037575 -0.0662419 
0.0376 -0.066243 
0.037625 -0.066244 
0.03765 -0.066245 
0.037675 -0.0662461 
0.0377 -0.0662471 
0.037725 -0.0662481 
0.03775 -0.0662492 
0.037775 -0.0662502 
0.0378 -0.0662513 
0.037825 -0.0662526 
0.03785 -0.0662539 
0.037875 -0.0662552 
0.0379 -0.0662564 
0.037925 -0.0662577 
0.03795 -0.066259 
0.037975 -0.0662603 
0.038 -0.0662615 
0.038025 -0.0662627 
0.03805 -0.066264 
0.038075 -0.0662652 
0.0381 -0.0662665 
0.038125 -0.0662677 
0.03815 -0.066269 
0.038175 -0.0662702 
0.0382 -0.0662714 
0.038225 -0.0662726 
0.03825 -0.0662738 
0.038275 -0.066275 
0.0383 -0.0662762 
0.038325 -0.0662773 
0.03835 -0.0662785 
0.038375 -0.0662796 
0.0384 -0.0662807 
0.038425 -0.0662818 
0.03845 -0.0662829 
0.038475 -0.0662839 
0.0385 -0.066285 
0.038525 -0.066286 
0.03855 -0.0662871 
0.038575 -0.0662882 
0.0386 -0.0662892 
0.038625 -0.0662903 
0.03865 -0.0662914 
0.038675 -0.0662924 
0.0387 -0.0662935 
0.038725 -0.0662945 
0.03875 -0.0662956 
0.038775 -0.0662966 
0.0388 -0.0662977 
0.038825 -0.0662987 
0.03885 -0.0662998 
0.038875 -0.0663009 
0.0389 -0.0663021 
0.038925 -0.0663034 
0.03895 -0.0663046 
0.038975 -0.0663059 
0.039 -0.0663072 
0.039025 -0.0663085 
0.03905 -0.0663097 
0.039075 -0.066311 
0.0391 -0.0663122 
0.039125 -0.0663134 
0.03915 -0.0663146 
0.039175 -0.0663158 
0.0392 -0.066317 
0.039225 -0.0663182 
0.03925 -0.0663194 
0.039275 -0.0663205 
0.0393 -0.0663217 
0.039325 -0.0663229 
0.03935 -0.0663241 
0.039375 -0.0663252 
0.0394 -0.0663263 
0.039425 -0.0663275 
0.03945 -0.0663286 
0.039475 -0.0663297 
0.0395 -0.0663308 
0.039525 -0.0663319 
0.03955 -0.0663329 
0.039575 -0.066334 
0.0396 -0.066335 
0.039625 -0.0663361 
0.03965 -0.0663371 
0.039675 -0.0663381 
0.0397 -0.0663391 
0.039725 -0.0663402 
0.03975 -0.0663412 
0.039775 -0.0663422 
0.0398 -0.0663433 
0.039825 -0.0663443 
0.03985 -0.0663453 
0.039875 -0.0663464 
0.0399 -0.0663474 
0.039925 -0.0663484 
0.03995 -0.0663495 
0.039975 -0.0663505 
0.04 -0.0663517 
0.040025 -0.0663529 
0.04005 -0.0663541 
0.040075 -0.0663554 
0.0401 -0.0663566 
0.040125 -0.0663579 
0.04015 -0.0663591 
0.040175 -0.0663603 
0.0402 -0.0663615 
0.040225 -0.0663626 
0.04025 -0.0663638 
0.040275 -0.0663649 
0.0403 -0.0663661 
0.040325 -0.0663672 
0.04035 -0.0663683 
0.040375 -0.0663695 
0.0404 -0.0663706 
0.040425 -0.0663717 
0.04045 -0.0663727 
0.040475 -0.0663738 
0.0405 -0.0663749 
0.040525 -0.0663759 
0.04055 -0.066377 
0.040575 -0.066378 
0.0406 -0.0663791 
0.040625 -0.0663801 
0.04065 -0.0663811 
0.040675 -0.0663821 
0.0407 -0.0663831 
0.040725 -0.0663841 
0.04075 -0.0663851 
0.040775 -0.0663861 
0.0408 -0.066387 
0.040825 -0.066388 
0.04085 -0.0663889 
0.040875 -0.0663898 
0.0409 -0.0663907 
0.040925 -0.0663917 
0.04095 -0.0663926 
0.040975 -0.0663935 
0.041 -0.0663945 
0.041025 -0.0663954 
0.04105 -0.0663964 
0.041075 -0.0663973 
0.0411 -0.0663983 
0.041125 -0.0663992 
0.04115 -0.0664002 
0.041175 -0.0664012 
0.0412 -0.0664024 
0.041225 -0.0664035 
0.04125 -0.0664047 
0.041275 -0.0664059 
0.0413 -0.0664071 
0.041325 -0.0664082 
0.04135 -0.0664094 
0.041375 -0.0664105 
0.0414 -0.0664116 
0.041425 -0.0664126 
0.04145 -0.0664137 
0.041475 -0.0664147 
0.0415 -0.0664158 
0.041525 -0.0664168 
0.04155 -0.0664179 
0.041575 -0.0664189 
0.0416 -0.0664199 
0.041625 -0.0664209 
0.04165 -0.0664219 
0.041675 -0.0664229 
0.0417 -0.0664238 
0.041725 -0.0664248 
0.04175 -0.0664257 
0.041775 -0.0664266 
0.0418 -0.0664276 
0.041825 -0.0664285 
0.04185 -0.0664294 
0.041875 -0.0664303 
0.0419 -0.0664312 
0.041925 -0.0664321 
0.04195 -0.066433 
0.041975 -0.0664339 
0.042 -0.0664348 
0.042025 -0.0664357 
0.04205 -0.0664366 
0.042075 -0.0664374 
0.0421 -0.0664383 
0.042125 -0.0664391 
0.04215 -0.0664399 
0.042175 -0.0664408 
0.0422 -0.0664416 
0.042225 -0.0664424 
0.04225 -0.0664432 
0.042275 -0.066444 
0.0423 -0.0664448 
0.042325 -0.0664456 
0.04235 -0.0664465 
0.042375 -0.0664473 
0.0424 -0.0664481 
0.042425 -0.066449 
0.04245 -0.0664498 
0.042475 -0.0664507 
0.0425 -0.0664518 
0.042525 -0.0664528 
0.04255 -0.0664539 
0.042575 -0.066455 
0.0426 -0.066456 
0.042625 -0.0664571 
0.04265 -0.0664581 
0.042675 -0.0664591 
0.0427 -0.0664601 
0.042725 -0.0664611 
0.04275 -0.066462 
0.042775 -0.0664629 
0.0428 -0.0664639 
0.042825 -0.0664648 
0.04285 -0.0664657 
0.042875 -0.0664666 
0.0429 -0.0664675 
0.042925 -0.0664683 
0.04295 -0.0664692 
0.042975 -0.06647 
0.043 -0.0664709 
0.043025 -0.0664717 
0.04305 -0.0664725 
0.043075 -0.0664733 
0.0431 -0.0664741 
0.043125 -0.0664749 
0.04315 -0.0664756 
0.043175 -0.0664764 
0.0432 -0.0664771 
0.043225 -0.0664778 
0.04325 -0.0664785 
0.043275 -0.0664793 
0.0433 -0.06648 
0.043325 -0.0664807 
0.04335 -0.0664814 
0.043375 -0.066482 
0.0434 -0.0664827 
0.043425 -0.0664834 
0.04345 -0.0664841 
0.043475 -0.0664847 
0.0435 -0.0664854 
0.043525 -0.0664861 
0.04355 -0.0664868 
0.043575 -0.0664875 
0.0436 -0.0664882 
0.043625 -0.0664889 
0.04365 -0.0664896 
0.043675 -0.0664902 
0.0437 -0.0664909 
0.043725 -0.0664916 
0.04375 -0.0664923 
0.043775 -0.066493 
0.0438 -0.0664936 
0.043825 -0.0664943 
0.04385 -0.0664949 
0.043875 -0.0664956 
0.0439 -0.0664962 
0.043925 -0.0664969 
0.04395 -0.0664975 
0.043975 -0.0664982 
0.044 -0.0664989 
0.044025 -0.0664996 
0.04405 -0.0665003 
0.044075 -0.0665011 
0.0441 -0.066502 
0.044125 -0.0665029 
0.04415 -0.0665038 
0.044175 -0.0665047 
0.0442 -0.0665056 
0.044225 -0.0665065 
0.04425 -0.0665074 
0.044275 -0.0665083 
0.0443 -0.0665091 
0.044325 -0.0665099 
0.04435 -0.0665107 
0.044375 -0.0665115 
0.0444 -0.0665122 
0.044425 -0.066513 
0.04445 -0.0665137 
0.044475 -0.0665144 
0.0445 -0.0665152 
0.044525 -0.0665159 
0.04455 -0.0665166 
0.044575 -0.0665173 
0.0446 -0.066518 
0.044625 -0.0665187 
0.04465 -0.0665194 
0.044675 -0.06652 
0.0447 -0.0665207 
0.044725 -0.0665213 
0.04475 -0.0665219 
0.044775 -0.0665225 
0.0448 -0.0665231 
0.044825 -0.0665237 
0.04485 -0.0665243 
0.044875 -0.0665249 
0.0449 -0.0665255 
0.044925 -0.066526 
0.04495 -0.0665266 
0.044975 -0.0665271 
0.045 -0.0665277 
0.045025 -0.0665282 
0.04505 -0.0665287 
0.045075 -0.0665292 
0.0451 -0.0665298 
0.045125 -0.0665303 
0.04515 -0.0665308 
0.045175 -0.0665313 
0.0452 -0.0665318 
0.045225 -0.0665322 
0.04525 -0.0665327 
0.045275 -0.0665332 
0.0453 -0.0665337 
0.045325 -0.0665341 
0.04535 -0.0665346 
0.045375 -0.0665351 
0.0454 -0.0665355 
0.045425 -0.066536 
0.04545 -0.0665364 
0.045475 -0.0665369 
0.0455 -0.0665373 
0.045525 -0.0665377 
0.04555 -0.0665382 
0.045575 -0.0665386 
0.0456 -0.066539 
0.045625 -0.0665394 
0.04565 -0.0665398 
0.045675 -0.0665403 
0.0457 -0.0665407 
0.045725 -0.0665411 
0.04575 -0.0665415 
0.045775 -0.0665419 
0.0458 -0.0665423 
0.045825 -0.0665427 
0.04585 -0.0665431 
0.045875 -0.0665435 
0.0459 -0.0665439 
0.045925 -0.0665443 
0.04595 -0.0665448 
0.045975 -0.0665452 
0.046 -0.0665456 
0.046025 -0.066546 
0.04605 -0.0665464 
0.046075 -0.0665468 
0.0461 -0.0665473 
0.046125 -0.0665477 
0.04615 -0.066548 
0.046175 -0.0665484 
0.0462 -0.0665488 
0.046225 -0.0665492 
0.04625 -0.0665496 
0.046275 -0.06655 
0.0463 -0.0665504 
0.046325 -0.066551 
0.04635 -0.0665516 
0.046375 -0.0665523 
0.0464 -0.0665529 
0.046425 -0.0665536 
0.04645 -0.0665543 
0.046475 -0.0665549 
0.0465 -0.0665555 
0.046525 -0.0665562 
0.04655 -0.0665568 
0.046575 -0.0665573 
0.0466 -0.0665579 
0.046625 -0.0665584 
0.04665 -0.066559 
0.046675 -0.0665595 
0.0467 -0.06656 
0.046725 -0.0665605 
0.04675 -0.0665609 
0.046775 -0.0665614 
0.0468 -0.0665618 
0.046825 -0.0665623 
0.04685 -0.0665627 
0.046875 -0.0665631 
0.0469 -0.0665635 
0.046925 -0.066564 
0.04695 -0.0665644 
0.046975 -0.0665648 
0.047 -0.0665653 
0.047025 -0.0665657 
0.04705 -0.0665661 
0.047075 -0.0665666 
0.0471 -0.066567 
0.047125 -0.0665674 
0.04715 -0.0665678 
0.047175 -0.0665681 
0.0472 -0.0665685 
0.047225 -0.0665689 
0.04725 -0.0665692 
0.047275 -0.0665696 
0.0473 -0.0665699 
0.047325 -0.0665703 
0.04735 -0.0665706 
0.047375 -0.0665709 
0.0474 -0.0665712 
0.047425 -0.0665715 
0.04745 -0.0665718 
0.047475 -0.0665721 
0.0475 -0.0665724 
0.047525 -0.0665727 
0.04755 -0.066573 
0.047575 -0.0665733 
0.0476 -0.0665736 
0.047625 -0.0665738 
0.04765 -0.0665741 
0.047675 -0.0665744 
0.0477 -0.0665746 
0.047725 -0.0665749 
0.04775 -0.0665751 
0.047775 -0.0665754 
0.0478 -0.0665756 
0.047825 -0.0665758 
0.04785 -0.0665761 
0.047875 -0.0665763 
0.0479 -0.0665765 
0.047925 -0.0665768 
0.04795 -0.066577 
0.047975 -0.0665772 
0.048 -0.0665774 
0.048025 -0.0665776 
0.04805 -0.0665778 
0.048075 -0.066578 
0.0481 -0.0665782 
0.048125 -0.0665784 
0.04815 -0.0665786 
0.048175 -0.0665788 
0.0482 -0.066579 
0.048225 -0.0665792 
0.04825 -0.0665794 
0.048275 -0.0665796 
0.0483 -0.0665798 
0.048325 -0.0665799 
0.04835 -0.0665801 
0.048375 -0.0665803 
0.0484 -0.0665805 
0.048425 -0.0665806 
0.04845 -0.0665808 
0.048475 -0.066581 
0.0485 -0.0665811 
0.048525 -0.0665813 
0.04855 -0.0665814 
0.048575 -0.0665816 
0.0486 -0.0665817 
0.048625 -0.0665819 
0.04865 -0.066582 
0.048675 -0.0665822 
0.0487 -0.0665823 
0.048725 -0.0665825 
0.04875 -0.0665826 
0.048775 -0.0665827 
0.0488 -0.0665829 
0.048825 -0.066583 
0.04885 -0.0665831 
0.048875 -0.0665833 
0.0489 -0.0665834 
0.048925 -0.0665835 
0.04895 -0.0665836 
0.048975 -0.0665838 
0.049 -0.0665839 
0.049025 -0.066584 
0.04905 -0.0665841 
0.049075 -0.0665842 
0.0491 -0.0665844 
0.049125 -0.0665845 
0.04915 -0.0665846 
0.049175 -0.0665847 
0.0492 -0.0665848 
0.049225 -0.0665849 
0.04925 -0.066585 
0.049275 -0.0665851 
0.0493 -0.0665852 
0.049325 -0.0665853 
0.04935 -0.0665854 
0.049375 -0.0665855 
0.0494 -0.0665856 
0.049425 -0.0665857 
0.04945 -0.0665858 
0.049475 -0.0665859 
0.0495 -0.066586 
0.049525 -0.0665861 
0.04955 -0.0665862 
0.049575 -0.0665863 
0.0496 -0.0665864 
0.049625 -0.0665864 
0.04965 -0.0665865 
0.049675 -0.0665866 
0.0497 -0.0665867 
0.049725 -0.0665868 
0.04975 -0.0665868 
0.049775 -0.0665869 
0.0498 -0.066587 
0.049825 -0.0665871 
0.04985 -0.0665871 
0.049875 -0.0665872 
0.0499 -0.0665873 
0.049925 -0.0665874 
0.04995 -0.0665874 
0.049975 -0.0665875 
0.05 -0.0665876 
0.050025 -0.0665876 
0.05005 -0.0665877 
0.050075 -0.0665877 
0.0501 -0.0665878 
0.050125 -0.0665879 
0.05015 -0.0665879 
0.050175 -0.066588 
0.0502 -0.066588 
0.050225 -0.0665881 
0.05025 -0.0665881 
0.050275 -0.0665882 
0.0503 -0.0665882 
0.050325 -0.0665883 
0.05035 -0.0665883 
0.050375 -0.0665884 
0.0504 -0.0665884 
0.050425 -0.0665884 
0.05045 -0.0665885 
0.050475 -0.0665885 
0.0505 -0.0665886 
0.050525 -0.0665886 
0.05055 -0.0665886 
0.050575 -0.0665887 
0.0506 -0.0665887 
0.050625 -0.0665887 
0.05065 -0.0665887 
0.050675 -0.0665888 
0.0507 -0.0665888 
0.050725 -0.0665888 
0.05075 -0.0665888 
0.050775 -0.0665888 
0.0508 -0.0665889 
0.050825 -0.0665889 
0.05085 -0.0665889 
0.050875 -0.0665889 
0.0509 -0.0665889 
0.050925 -0.0665889 
0.05095 -0.0665889 
0.050975 -0.0665889 
0.051 -0.0665889 
0.051025 -0.0665889 
0.05105 -0.0665888 
0.051075 -0.0665888 
0.0511 -0.0665888 
0.051125 -0.0665888 
0.05115 -0.0665888 
0.051175 -0.0665887 
0.0512 -0.0665887 
0.051225 -0.0665887 
0.05125 -0.0665887 
0.051275 -0.0665886 
0.0513 -0.0665886 
0.051325 -0.0665886 
0.05135 -0.0665886 
0.051375 -0.0665885 
0.0514 -0.0665885 
0.051425 -0.0665885 
0.05145 -0.0665885 
0.051475 -0.0665884 
0.0515 -0.0665884 
0.051525 -0.0665884 
0.05155 -0.0665884 
0.051575 -0.0665883 
0.0516 -0.0665883 
0.051625 -0.0665883 
0.05165 -0.0665883 
0.051675 -0.0665882 
0.0517 -0.0665882 
0.051725 -0.0665882 
0.05175 -0.0665881 
0.051775 -0.0665881 
0.0518 -0.0665881 
0.051825 -0.0665881 
0.05185 -0.066588 
0.051875 -0.066588 
0.0519 -0.0665879 
0.051925 -0.0665879 
0.05195 -0.0665879 
0.051975 -0.0665878 
0.052 -0.0665878 
0.052025 -0.0665878 
0.05205 -0.0665877 
0.052075 -0.0665877 
0.0521 -0.0665876 
0.052125 -0.0665876 
0.05215 -0.0665876 
0.052175 -0.0665875 
0.0522 -0.0665875 
0.052225 -0.0665874 
0.05225 -0.0665874 
0.052275 -0.0665873 
0.0523 -0.0665873 
0.052325 -0.0665872 
0.05235 -0.0665872 
0.052375 -0.0665871 
0.0524 -0.066587 
0.052425 -0.066587 
0.05245 -0.0665869 
0.052475 -0.0665869 
0.0525 -0.0665868 
0.052525 -0.0665867 
0.05255 -0.0665867 
0.052575 -0.0665866 
0.0526 -0.0665865 
0.052625 -0.0665865 
0.05265 -0.0665864 
0.052675 -0.0665863 
0.0527 -0.0665863 
0.052725 -0.0665862 
0.05275 -0.0665862 
0.052775 -0.0665861 
0.0528 -0.066586 
0.052825 -0.066586 
0.05285 -0.0665859 
0.052875 -0.0665858 
0.0529 -0.0665858 
0.052925 -0.0665857 
0.05295 -0.0665856 
0.052975 -0.0665856 
0.053 -0.0665855 
0.053025 -0.0665854 
0.05305 -0.0665854 
0.053075 -0.0665853 
0.0531 -0.0665852 
0.053125 -0.0665852 
0.05315 -0.0665851 
0.053175 -0.066585 
0.0532 -0.066585 
0.053225 -0.0665849 
0.05325 -0.0665848 
0.053275 -0.0665848 
0.0533 -0.0665847 
0.053325 -0.0665846 
0.05335 -0.0665846 
0.053375 -0.0665845 
0.0534 -0.0665844 
0.053425 -0.0665844 
0.05345 -0.0665843 
0.053475 -0.0665842 
0.0535 -0.0665842 
0.053525 -0.0665841 
0.05355 -0.066584 
0.053575 -0.0665839 
0.0536 -0.0665839 
0.053625 -0.0665838 
0.05365 -0.0665837 
0.053675 -0.0665836 
0.0537 -0.0665836 
0.053725 -0.0665835 
0.05375 -0.0665834 
0.053775 -0.0665833 
0.0538 -0.0665833 
0.053825 -0.0665832 
0.05385 -0.0665831 
0.053875 -0.0665831 
0.0539 -0.066583 
0.053925 -0.0665829 
0.05395 -0.0665828 
0.053975 -0.0665827 
0.054 -0.0665827 
0.054025 -0.0665826 
0.05405 -0.0665825 
0.054075 -0.0665824 
0.0541 -0.0665823 
0.054125 -0.0665822 
0.05415 -0.0665821 
0.054175 -0.066582 
0.0542 -0.0665819 
0.054225 -0.0665818 
0.05425 -0.0665817 
0.054275 -0.0665816 
0.0543 -0.0665815 
0.054325 -0.0665814 
0.05435 -0.0665813 
0.054375 -0.0665812 
0.0544 -0.0665811 
0.054425 -0.066581 
0.05445 -0.0665809 
0.054475 -0.0665808 
0.0545 -0.0665807 
0.054525 -0.0665806 
0.05455 -0.0665805 
0.054575 -0.0665804 
0.0546 -0.0665803 
0.054625 -0.0665803 
0.05465 -0.0665802 
0.054675 -0.0665801 
0.0547 -0.06658 
0.054725 -0.0665799 
0.05475 -0.0665798 
0.054775 -0.0665797 
0.0548 -0.0665796 
0.054825 -0.0665795 
0.05485 -0.0665795 
0.054875 -0.0665794 
0.0549 -0.0665793 
0.054925 -0.0665792 
0.05495 -0.0665791 
0.054975 -0.066579 
0.055 -0.0665789 
0.055025 -0.0665789 
0.05505 -0.0665788 
0.055075 -0.0665787 
0.0551 -0.0665786 
0.055125 -0.0665785 
0.05515 -0.0665784 
0.055175 -0.0665783 
0.0552 -0.0665782 
0.055225 -0.0665782 
0.05525 -0.0665781 
0.055275 -0.066578 
0.0553 -0.0665779 
0.055325 -0.0665778 
0.05535 -0.0665777 
0.055375 -0.0665777 
0.0554 -0.0665776 
0.055425 -0.0665775 
0.05545 -0.0665774 
0.055475 -0.0665773 
0.0555 -0.0665772 
0.055525 -0.0665772 
0.05555 -0.0665771 
0.055575 -0.066577 
0.0556 -0.0665769 
0.055625 -0.0665768 
0.05565 -0.0665768 
0.055675 -0.0665767 
0.0557 -0.0665766 
0.055725 -0.0665765 
0.05575 -0.0665764 
0.055775 -0.0665764 
0.0558 -0.0665763 
0.055825 -0.0665762 
0.05585 -0.0665761 
0.055875 -0.066576 
0.0559 -0.066576 
0.055925 -0.0665759 
0.05595 -0.0665758 
0.055975 -0.0665757 
0.056 -0.0665756 
0.056025 -0.0665756 
0.05605 -0.0665755 
0.056075 -0.0665754 
0.0561 -0.0665753 
0.056125 -0.0665752 
0.05615 -0.0665752 
0.056175 -0.0665751 
0.0562 -0.066575 
0.056225 -0.0665749 
0.05625 -0.0665749 
0.056275 -0.0665748 
0.0563 -0.0665747 
0.056325 -0.0665746 
0.05635 -0.0665746 
0.056375 -0.0665745 
0.0564 -0.0665744 
0.056425 -0.0665743 
0.05645 -0.0665743 
0.056475 -0.0665742 
0.0565 -0.0665741 
0.056525 -0.066574 
0.05655 -0.0665739 
0.056575 -0.0665739 
0.0566 -0.0665738 
0.056625 -0.0665737 
0.05665 -0.0665736 
0.056675 -0.0665736 
0.0567 -0.0665735 
0.056725 -0.0665734 
0.05675 -0.0665734 
0.056775 -0.0665733 
0.0568 -0.0665732 
0.056825 -0.0665731 
0.05685 -0.0665731 
0.056875 -0.066573 
0.0569 -0.0665729 
0.056925 -0.0665728 
0.05695 -0.0665728 
0.056975 -0.0665727 
0.057 -0.0665726 
0.057025 -0.0665726 
0.05705 -0.0665725 
0.057075 -0.0665724 
0.0571 -0.0665724 
0.057125 -0.0665723 
0.05715 -0.0665722 
0.057175 -0.0665721 
0.0572 -0.0665721 
0.057225 -0.066572 
0.05725 -0.0665719 
0.057275 -0.0665718 
0.0573 -0.0665717 
0.057325 -0.0665717 
0.05735 -0.0665716 
0.057375 -0.0665715 
0.0574 -0.0665714 
0.057425 -0.0665713 
0.05745 -0.0665712 
0.057475 -0.0665711 
0.0575 -0.066571 
0.057525 -0.0665709 
0.05755 -0.0665708 
0.057575 -0.0665707 
0.0576 -0.0665706 
0.057625 -0.0665705 
0.05765 -0.0665704 
0.057675 -0.0665703 
0.0577 -0.0665702 
0.057725 -0.0665701 
0.05775 -0.0665701 
0.057775 -0.06657 
0.0578 -0.0665699 
0.057825 -0.0665698 
0.05785 -0.0665697 
0.057875 -0.0665697 
0.0579 -0.0665696 
0.057925 -0.0665695 
0.05795 -0.0665694 
0.057975 -0.0665694 
0.058 -0.0665693 
0.058025 -0.0665692 
0.05805 -0.0665692 
0.058075 -0.0665691 
0.0581 -0.066569 
0.058125 -0.066569 
0.05815 -0.0665689 
0.058175 -0.0665689 
0.0582 -0.0665688 
0.058225 -0.0665687 
0.05825 -0.0665687 
0.058275 -0.0665686 
0.0583 -0.0665686 
0.058325 -0.0665685 
0.05835 -0.0665685 
0.058375 -0.0665684 
0.0584 -0.0665684 
0.058425 -0.0665683 
0.05845 -0.0665683 
0.058475 -0.0665682 
0.0585 -0.0665682 
0.058525 -0.0665681 
0.05855 -0.0665681 
0.058575 -0.066568 
0.0586 -0.066568 
0.058625 -0.0665679 
0.05865 -0.0665679 
0.058675 -0.0665678 
0.0587 -0.0665678 
0.058725 -0.0665677 
0.05875 -0.0665677 
0.058775 -0.0665676 
0.0588 -0.0665676 
0.058825 -0.0665675 
0.05885 -0.0665675 
0.058875 -0.0665675 
0.0589 -0.0665674 
0.058925 -0.0665674 
0.05895 -0.0665673 
0.058975 -0.0665673 
0.059 -0.0665673 
0.059025 -0.0665672 
0.05905 -0.0665672 
0.059075 -0.0665671 
0.0591 -0.0665671 
0.059125 -0.0665671 
0.05915 -0.066567 
0.059175 -0.066567 
0.0592 -0.066567 
0.059225 -0.0665669 
0.05925 -0.0665669 
0.059275 -0.0665669 
0.0593 -0.0665669 
0.059325 -0.0665668 
0.05935 -0.0665668 
0.059375 -0.0665668 
0.0594 -0.0665668 
0.059425 -0.0665667 
0.05945 -0.0665667 
0.059475 -0.0665667 
0.0595 -0.0665667 
0.059525 -0.0665666 
0.05955 -0.0665666 
0.059575 -0.0665666 
0.0596 -0.0665666 
0.059625 -0.0665666 
0.05965 -0.0665665 
0.059675 -0.0665665 
0.0597 -0.0665665 
0.059725 -0.0665665 
0.05975 -0.0665665 
0.059775 -0.0665664 
0.0598 -0.0665664 
0.059825 -0.0665664 
0.05985 -0.0665664 
0.059875 -0.0665664 
0.0599 -0.0665663 
0.059925 -0.0665663 
0.05995 -0.0665663 
0.059975 -0.0665662 
0.06 -0.0665662 
0.060025 -0.0665662 
0.06005 -0.0665661 
0.060075 -0.0665661 
0.0601 -0.0665661 
0.060125 -0.0665661 
0.06015 -0.066566 
0.060175 -0.066566 
0.0602 -0.066566 
0.060225 -0.066566 
0.06025 -0.066566 
0.060275 -0.066566 
0.0603 -0.0665659 
0.060325 -0.0665659 
0.06035 -0.0665659 
0.060375 -0.0665659 
0.0604 -0.0665659 
0.060425 -0.0665659 
0.06045 -0.0665659 
0.060475 -0.0665659 
0.0605 -0.0665659 
0.060525 -0.0665659 
0.06055 -0.0665659 
0.060575 -0.0665659 
0.0606 -0.0665659 
0.060625 -0.0665659 
0.06065 -0.0665659 
0.060675 -0.0665659 
0.0607 -0.0665659 
0.060725 -0.0665659 
0.06075 -0.0665659 
0.060775 -0.0665659 
0.0608 -0.0665659 
0.060825 -0.0665659 
0.06085 -0.0665659 
0.060875 -0.0665659 
0.0609 -0.066566 
0.060925 -0.066566 
0.06095 -0.066566 
0.060975 -0.066566 
0.061 -0.066566 
0.061025 -0.066566 
0.06105 -0.0665661 
0.061075 -0.0665661 
0.0611 -0.0665661 
0.061125 -0.0665661 
0.06115 -0.0665661 
0.061175 -0.0665662 
0.0612 -0.0665662 
0.061225 -0.0665662 
0.06125 -0.0665662 
0.061275 -0.0665662 
0.0613 -0.0665663 
0.061325 -0.0665663 
0.06135 -0.0665663 
0.061375 -0.0665663 
0.0614 -0.0665664 
0.061425 -0.0665664 
0.06145 -0.0665664 
0.061475 -0.0665664 
0.0615 -0.0665665 
0.061525 -0.0665665 
0.06155 -0.0665665 
0.061575 -0.0665665 
0.0616 -0.0665666 
0.061625 -0.0665666 
0.06165 -0.0665666 
0.061675 -0.0665666 
0.0617 -0.0665667 
0.061725 -0.0665667 
0.06175 -0.0665667 
0.061775 -0.0665668 
0.0618 -0.0665668 
0.061825 -0.0665668 
0.06185 -0.0665669 
0.061875 -0.0665669 
0.0619 -0.0665669 
0.061925 -0.066567 
0.06195 -0.066567 
0.061975 -0.0665671 
0.062 -0.0665671 
0.062025 -0.0665671 
0.06205 -0.0665672 
0.062075 -0.0665672 
0.0621 -0.0665673 
0.062125 -0.0665673 
0.06215 -0.0665674 
0.062175 -0.0665674 
0.0622 -0.0665675 
0.062225 -0.0665675 
0.06225 -0.0665676 
0.062275 -0.0665676 
0.0623 -0.0665677 
0.062325 -0.0665677 
0.06235 -0.0665678 
0.062375 -0.0665678 
0.0624 -0.0665679 
0.062425 -0.0665679 
0.06245 -0.066568 
0.062475 -0.0665681 
0.0625 -0.0665681 
0.062525 -0.0665682 
0.06255 -0.0665682 
0.062575 -0.0665683 
0.0626 -0.0665684 
0.062625 -0.0665684 
0.06265 -0.0665685 
0.062675 -0.0665686 
0.0627 -0.0665686 
0.062725 -0.0665687 
0.06275 -0.0665688 
0.062775 -0.0665688 
0.0628 -0.0665689 
0.062825 -0.066569 
0.06285 -0.066569 
0.062875 -0.0665691 
0.0629 -0.0665692 
0.062925 -0.0665692 
0.06295 -0.0665693 
0.062975 -0.0665694 
0.063 -0.0665695 
0.063025 -0.0665695 
0.06305 -0.0665696 
0.063075 -0.0665697 
0.0631 -0.0665698 
0.063125 -0.0665699 
0.06315 -0.0665699 
0.063175 -0.06657 
0.0632 -0.0665701 
0.063225 -0.0665701 
0.06325 -0.0665702 
0.063275 -0.0665703 
0.0633 -0.0665703 
0.063325 -0.0665704 
0.06335 -0.0665704 
0.063375 -0.0665705 
0.0634 -0.0665706 
0.063425 -0.0665706 
0.06345 -0.0665707 
0.063475 -0.0665708 
0.0635 -0.0665708 
0.063525 -0.0665709 
0.06355 -0.066571 
0.063575 -0.0665711 
0.0636 -0.0665711 
0.063625 -0.0665712 
0.06365 -0.0665713 
0.063675 -0.0665714 
0.0637 -0.0665715 
0.063725 -0.0665715 
0.06375 -0.0665716 
0.063775 -0.0665717 
0.0638 -0.0665718 
0.063825 -0.0665719 
0.06385 -0.066572 
0.063875 -0.066572 
0.0639 -0.0665721 
0.063925 -0.0665722 
0.06395 -0.0665723 
0.063975 -0.0665724 
0.064 -0.0665725 
0.064025 -0.0665726 
0.06405 -0.0665727 
0.064075 -0.0665728 
0.0641 -0.0665729 
0.064125 -0.066573 
0.06415 -0.0665731 
0.064175 -0.0665732 
0.0642 -0.0665733 
0.064225 -0.0665734 
0.06425 -0.0665735 
0.064275 -0.0665736 
0.0643 -0.0665737 
0.064325 -0.0665738 
0.06435 -0.0665739 
0.064375 -0.066574 
0.0644 -0.0665741 
0.064425 -0.0665742 
0.06445 -0.0665744 
0.064475 -0.0665745 
0.0645 -0.0665746 
0.064525 -0.0665747 
0.06455 -0.0665748 
0.064575 -0.0665749 
0.0646 -0.066575 
0.064625 -0.0665752 
0.06465 -0.0665753 
0.064675 -0.0665754 
0.0647 -0.0665755 
0.064725 -0.0665756 
0.06475 -0.0665757 
0.064775 -0.0665759 
0.0648 -0.066576 
0.064825 -0.0665761 
0.06485 -0.0665762 
0.064875 -0.0665764 
0.0649 -0.0665765 
0.064925 -0.0665766 
0.06495 -0.0665767 
0.064975 -0.0665769 
0.065 -0.066577 
0.065025 -0.0665771 
0.06505 -0.0665773 
0.065075 -0.0665774 
0.0651 -0.0665776 
0.065125 -0.0665777 
0.06515 -0.0665779 
0.065175 -0.066578 
0.0652 -0.0665782 
0.065225 -0.0665783 
0.06525 -0.0665785 
0.065275 -0.0665786 
0.0653 -0.0665788 
0.065325 -0.0665789 
0.06535 -0.0665791 
0.065375 -0.0665792 
0.0654 -0.0665794 
0.065425 -0.0665795 
0.06545 -0.0665796 
0.065475 -0.0665798 
0.0655 -0.0665799 
0.065525 -0.0665801 
0.06555 -0.0665803 
0.065575 -0.0665804 
0.0656 -0.0665806 
0.065625 -0.0665808 
0.06565 -0.066581 
0.065675 -0.0665811 
0.0657 -0.0665813 
0.065725 -0.0665815 
0.06575 -0.0665817 
0.065775 -0.0665818 
0.0658 -0.066582 
0.065825 -0.0665822 
0.06585 -0.0665824 
0.065875 -0.0665825 
0.0659 -0.0665827 
0.065925 -0.0665829 
0.06595 -0.0665831 
0.065975 -0.0665832 
0.066 -0.0665834 
0.066025 -0.0665836 
0.06605 -0.0665838 
0.066075 -0.066584 
0.0661 -0.0665842 
0.066125 -0.0665843 
0.06615 -0.0665845 
0.066175 -0.0665847 
0.0662 -0.0665849 
0.066225 -0.0665851 
0.06625 -0.0665853 
0.066275 -0.0665855 
0.0663 -0.0665857 
0.066325 -0.0665859 
0.06635 -0.0665861 
0.066375 -0.0665862 
0.0664 -0.0665864 
0.066425 -0.0665866 
0.06645 -0.0665868 
0.066475 -0.066587 
0.0665 -0.0665872 
0.066525 -0.0665874 
0.06655 -0.0665876 
0.066575 -0.0665877 
0.0666 -0.0665879 
0.066625 -0.0665881 
0.06665 -0.0665883 
0.066675 -0.0665885 
0.0667 -0.0665887 
0.066725 -0.0665889 
0.06675 -0.066589 
0.066775 -0.0665892 
0.0668 -0.0665894 
0.066825 -0.0665896 
0.06685 -0.0665898 
0.066875 -0.06659 
0.0669 -0.0665902 
0.066925 -0.0665903 
0.06695 -0.0665905 
0.066975 -0.0665907 
0.067 -0.0665909 
0.067025 -0.0665911 
0.06705 -0.0665913 
0.067075 -0.0665915 
0.0671 -0.0665917 
0.067125 -0.0665918 
0.06715 -0.066592 
0.067175 -0.0665922 
0.0672 -0.0665924 
0.067225 -0.0665926 
0.06725 -0.0665928 
0.067275 -0.066593 
0.0673 -0.0665932 
0.067325 -0.0665934 
0.06735 -0.0665936 
0.067375 -0.0665938 
0.0674 -0.066594 
0.067425 -0.0665941 
0.06745 -0.0665943 
0.067475 -0.0665945 
0.0675 -0.0665947 
0.067525 -0.0665949 
0.06755 -0.0665951 
0.067575 -0.0665953 
0.0676 -0.0665955 
0.067625 -0.0665957 
0.06765 -0.0665959 
0.067675 -0.0665961 
0.0677 -0.0665963 
0.067725 -0.0665965 
0.06775 -0.0665967 
0.067775 -0.0665969 
0.0678 -0.0665971 
0.067825 -0.0665973 
0.06785 -0.0665975 
0.067875 -0.0665977 
0.0679 -0.0665979 
0.067925 -0.0665981 
0.06795 -0.0665983 
0.067975 -0.0665985 
0.068 -0.0665987 
0.068025 -0.0665989 
0.06805 -0.0665991 
0.068075 -0.0665993 
0.0681 -0.0665995 
0.068125 -0.0665997 
0.06815 -0.0665999 
0.068175 -0.0666001 
0.0682 -0.0666005 
0.068225 -0.0666009 
0.06825 -0.0666013 
0.068275 -0.0666018 
0.0683 -0.0666023 
0.068325 -0.0666027 
0.06835 -0.0666032 
0.068375 -0.0666036 
0.0684 -0.066604 
0.068425 -0.0666044 
0.06845 -0.0666048 
0.068475 -0.0666052 
0.0685 -0.0666056 
0.068525 -0.0666059 
0.06855 -0.0666063 
0.068575 -0.0666067 
0.0686 -0.066607 
0.068625 -0.0666074 
0.06865 -0.0666077 
0.068675 -0.0666081 
0.0687 -0.0666085 
0.068725 -0.0666088 
0.06875 -0.0666092 
0.068775 -0.0666096 
0.0688 -0.06661 
0.068825 -0.0666104 
0.06885 -0.0666107 
0.068875 -0.0666111 
0.0689 -0.0666115 
0.068925 -0.0666119 
0.06895 -0.0666122 
0.068975 -0.0666126 
0.069 -0.066613 
0.069025 -0.0666134 
0.06905 -0.0666138 
0.069075 -0.0666142 
0.0691 -0.0666146 
0.069125 -0.066615 
0.06915 -0.0666153 
0.069175 -0.0666157 
0.0692 -0.0666161 
0.069225 -0.0666164 
0.06925 -0.0666168 
0.069275 -0.0666171 
0.0693 -0.0666174 
0.069325 -0.0666178 
0.06935 -0.0666181 
0.069375 -0.0666184 
0.0694 -0.0666187 
0.069425 -0.0666191 
0.06945 -0.0666194 
0.069475 -0.0666197 
0.0695 -0.06662 
0.069525 -0.0666203 
0.06955 -0.0666206 
0.069575 -0.0666209 
0.0696 -0.0666212 
0.069625 -0.0666215 
0.06965 -0.0666218 
0.069675 -0.0666221 
0.0697 -0.0666223 
0.069725 -0.0666226 
0.06975 -0.0666229 
0.069775 -0.0666232 
0.0698 -0.0666235 
0.069825 -0.0666238 
0.06985 -0.0666241 
0.069875 -0.0666243 
0.0699 -0.0666246 
0.069925 -0.0666249 
0.06995 -0.0666252 
0.069975 -0.0666254 
0.07 -0.0666257 
0.070025 -0.066626 
0.07005 -0.0666263 
0.070075 -0.0666265 
0.0701 -0.0666268 
0.070125 -0.0666271 
0.07015 -0.0666274 
0.070175 -0.0666276 
0.0702 -0.0666279 
0.070225 -0.0666282 
0.07025 -0.0666285 
0.070275 -0.0666287 
0.0703 -0.066629 
0.070325 -0.0666293 
0.07035 -0.0666295 
0.070375 -0.0666298 
0.0704 -0.0666301 
0.070425 -0.0666303 
0.07045 -0.0666306 
0.070475 -0.0666309 
0.0705 -0.0666311 
0.070525 -0.0666314 
0.07055 -0.0666317 
0.070575 -0.0666319 
0.0706 -0.0666322 
0.070625 -0.0666325 
0.07065 -0.0666328 
0.070675 -0.066633 
0.0707 -0.0666333 
0.070725 -0.0666336 
0.07075 -0.0666339 
0.070775 -0.0666342 
0.0708 -0.0666346 
0.070825 -0.0666349 
0.07085 -0.0666352 
0.070875 -0.0666355 
0.0709 -0.0666358 
0.070925 -0.0666361 
0.07095 -0.0666364 
0.070975 -0.0666367 
0.071 -0.066637 
0.071025 -0.0666373 
0.07105 -0.0666376 
0.071075 -0.0666379 
0.0711 -0.0666382 
0.071125 -0.0666385 
0.07115 -0.0666387 
0.071175 -0.066639 
0.0712 -0.0666393 
0.071225 -0.0666396 
0.07125 -0.0666399 
0.071275 -0.0666402 
0.0713 -0.0666404 
0.071325 -0.0666407 
0.07135 -0.066641 
0.071375 -0.0666413 
0.0714 -0.0666415 
0.071425 -0.0666418 
0.07145 -0.0666421 
0.071475 -0.0666424 
0.0715 -0.0666426 
0.071525 -0.0666429 
0.07155 -0.0666432 
0.071575 -0.0666435 
0.0716 -0.0666437 
0.071625 -0.066644 
0.07165 -0.0666443 
0.071675 -0.0666445 
0.0717 -0.0666448 
0.071725 -0.0666451 
0.07175 -0.0666453 
0.071775 -0.0666456 
0.0718 -0.0666459 
0.071825 -0.0666461 
0.07185 -0.0666464 
0.071875 -0.0666467 
0.0719 -0.0666469 
0.071925 -0.0666472 
0.07195 -0.0666475 
0.071975 -0.0666477 
0.072 -0.066648 
0.072025 -0.0666483 
0.07205 -0.0666485 
0.072075 -0.0666488 
0.0721 -0.0666491 
0.072125 -0.0666493 
0.07215 -0.0666496 
0.072175 -0.0666499 
0.0722 -0.0666502 
0.072225 -0.0666506 
0.07225 -0.0666511 
0.072275 -0.0666516 
0.0723 -0.0666521 
0.072325 -0.0666527 
0.07235 -0.0666532 
0.072375 -0.0666537 
0.0724 -0.0666542 
0.072425 -0.0666547 
0.07245 -0.0666552 
0.072475 -0.0666557 
0.0725 -0.0666562 
0.072525 -0.0666566 
0.07255 -0.0666571 
0.072575 -0.0666575 
0.0726 -0.0666579 
0.072625 -0.0666583 
0.07265 -0.0666587 
0.072675 -0.0666591 
0.0727 -0.0666595 
0.072725 -0.0666599 
0.07275 -0.0666603 
0.072775 -0.0666607 
0.0728 -0.066661 
0.072825 -0.0666614 
0.07285 -0.0666618 
0.072875 -0.0666622 
0.0729 -0.0666626 
0.072925 -0.066663 
0.07295 -0.0666634 
0.072975 -0.0666639 
0.073 -0.0666644 
0.073025 -0.0666649 
0.07305 -0.0666654 
0.073075 -0.0666658 
0.0731 -0.0666663 
0.073125 -0.0666668 
0.07315 -0.0666672 
0.073175 -0.0666677 
0.0732 -0.0666681 
0.073225 -0.0666685 
0.07325 -0.066669 
0.073275 -0.0666694 
0.0733 -0.0666698 
0.073325 -0.0666702 
0.07335 -0.0666706 
0.073375 -0.0666709 
0.0734 -0.0666713 
0.073425 -0.0666717 
0.07345 -0.0666721 
0.073475 -0.0666724 
0.0735 -0.0666728 
0.073525 -0.0666731 
0.07355 -0.0666735 
0.073575 -0.0666738 
0.0736 -0.0666742 
0.073625 -0.0666745 
0.07365 -0.0666749 
0.073675 -0.0666752 
0.0737 -0.0666755 
0.073725 -0.0666759 
0.07375 -0.0666762 
0.073775 -0.0666765 
0.0738 -0.0666768 
0.073825 -0.0666772 
0.07385 -0.0666775 
0.073875 -0.0666778 
0.0739 -0.0666781 
0.073925 -0.0666785 
0.07395 -0.0666788 
0.073975 -0.0666791 
0.074 -0.0666794 
0.074025 -0.0666797 
0.07405 -0.06668 
0.074075 -0.0666803 
0.0741 -0.0666807 
0.074125 -0.066681 
0.07415 -0.0666813 
0.074175 -0.0666816 
0.0742 -0.0666819 
0.074225 -0.0666822 
0.07425 -0.0666825 
0.074275 -0.0666828 
0.0743 -0.0666831 
0.074325 -0.0666834 
0.07435 -0.0666837 
0.074375 -0.066684 
0.0744 -0.0666843 
0.074425 -0.0666846 
0.07445 -0.0666849 
0.074475 -0.0666853 
0.0745 -0.0666856 
0.074525 -0.0666859 
0.07455 -0.0666862 
0.074575 -0.0666865 
0.0746 -0.0666869 
0.074625 -0.0666872 
0.07465 -0.0666875 
0.074675 -0.0666878 
0.0747 -0.0666882 
0.074725 -0.0666885 
0.07475 -0.0666888 
0.074775 -0.0666891 
0.0748 -0.0666895 
0.074825 -0.0666898 
0.07485 -0.0666901 
0.074875 -0.0666904 
0.0749 -0.0666907 
0.074925 -0.066691 
0.07495 -0.0666913 
0.074975 -0.0666916 
0.075 -0.0666919 
0.075025 -0.0666922 
0.07505 -0.0666925 
0.075075 -0.0666928 
0.0751 -0.0666931 
0.075125 -0.0666934 
0.07515 -0.0666937 
0.075175 -0.066694 
0.0752 -0.0666943 
0.075225 -0.0666946 
0.07525 -0.0666949 
0.075275 -0.0666952 
0.0753 -0.0666955 
0.075325 -0.0666958 
0.07535 -0.0666961 
0.075375 -0.0666964 
0.0754 -0.0666966 
0.075425 -0.0666969 
0.07545 -0.0666972 
0.075475 -0.0666975 
0.0755 -0.0666978 
0.075525 -0.0666981 
0.07555 -0.0666984 
0.075575 -0.0666986 
0.0756 -0.0666989 
0.075625 -0.0666992 
0.07565 -0.0666995 
0.075675 -0.0666998 
0.0757 -0.0667001 
0.075725 -0.0667005 
0.07575 -0.0667009 
0.075775 -0.0667014 
0.0758 -0.066702 
0.075825 -0.0667025 
0.07585 -0.066703 
0.075875 -0.0667035 
0.0759 -0.066704 
0.075925 -0.0667045 
0.07595 -0.066705 
0.075975 -0.0667055 
0.076 -0.0667059 
0.076025 -0.0667063 
0.07605 -0.0667068 
0.076075 -0.0667072 
0.0761 -0.0667076 
0.076125 -0.066708 
0.07615 -0.0667084 
0.076175 -0.0667087 
0.0762 -0.0667091 
0.076225 -0.0667095 
0.07625 -0.0667098 
0.076275 -0.0667102 
0.0763 -0.0667105 
0.076325 -0.0667109 
0.07635 -0.0667112 
0.076375 -0.0667116 
0.0764 -0.0667119 
0.076425 -0.0667123 
0.07645 -0.0667126 
0.076475 -0.0667129 
0.0765 -0.0667133 
0.076525 -0.0667136 
0.07655 -0.066714 
0.076575 -0.0667143 
0.0766 -0.0667147 
0.076625 -0.0667151 
0.07665 -0.0667155 
0.076675 -0.0667159 
0.0767 -0.0667162 
0.076725 -0.0667166 
0.07675 -0.066717 
0.076775 -0.0667174 
0.0768 -0.0667178 
0.076825 -0.0667182 
0.07685 -0.0667186 
0.076875 -0.066719 
0.0769 -0.0667194 
0.076925 -0.0667198 
0.07695 -0.0667203 
0.076975 -0.0667207 
0.077 -0.0667211 
0.077025 -0.0667215 
0.07705 -0.066722 
0.077075 -0.0667224 
0.0771 -0.0667228 
0.077125 -0.0667232 
0.07715 -0.0667236 
0.077175 -0.0667239 
0.0772 -0.0667243 
0.077225 -0.0667247 
0.07725 -0.0667251 
0.077275 -0.0667254 
0.0773 -0.0667258 
0.077325 -0.0667261 
0.07735 -0.0667265 
0.077375 -0.0667268 
0.0774 -0.0667272 
0.077425 -0.0667275 
0.07745 -0.0667278 
0.077475 -0.0667282 
0.0775 -0.0667285 
0.077525 -0.0667288 
0.07755 -0.0667292 
0.077575 -0.0667295 
0.0776 -0.0667298 
0.077625 -0.0667301 
0.07765 -0.0667304 
0.077675 -0.0667307 
0.0777 -0.0667311 
0.077725 -0.0667314 
0.07775 -0.0667317 
0.077775 -0.066732 
0.0778 -0.0667323 
0.077825 -0.0667326 
0.07785 -0.0667329 
0.077875 -0.0667332 
0.0779 -0.0667335 
0.077925 -0.0667338 
0.07795 -0.0667341 
0.077975 -0.0667344 
0.078 -0.0667347 
0.078025 -0.066735 
0.07805 -0.0667353 
0.078075 -0.0667356 
0.0781 -0.0667359 
0.078125 -0.0667362 
0.07815 -0.0667366 
0.078175 -0.0667369 
0.0782 -0.0667372 
0.078225 -0.0667375 
0.07825 -0.0667378 
0.078275 -0.0667381 
0.0783 -0.0667384 
0.078325 -0.0667387 
0.07835 -0.066739 
0.078375 -0.0667393 
0.0784 -0.0667396 
0.078425 -0.0667399 
0.07845 -0.0667403 
0.078475 -0.0667406 
0.0785 -0.0667409 
0.078525 -0.0667412 
0.07855 -0.0667415 
0.078575 -0.0667418 
0.0786 -0.0667421 
0.078625 -0.0667424 
0.07865 -0.0667426 
0.078675 -0.0667429 
0.0787 -0.0667432 
0.078725 -0.0667435 
0.07875 -0.0667438 
0.078775 -0.0667441 
0.0788 -0.0667444 
0.078825 -0.0667446 
0.07885 -0.0667449 
0.078875 -0.0667452 
0.0789 -0.0667455 
0.078925 -0.0667457 
0.07895 -0.066746 
0.078975 -0.0667463 
0.079 -0.0667466 
0.079025 -0.0667468 
0.07905 -0.0667471 
0.079075 -0.0667474 
0.0791 -0.0667476 
0.079125 -0.0667479 
0.07915 -0.0667482 
0.079175 -0.0667484 
0.0792 -0.0667487 
0.079225 -0.066749 
0.07925 -0.0667492 
0.079275 -0.0667495 
0.0793 -0.0667498 
0.079325 -0.06675 
0.07935 -0.0667504 
0.079375 -0.0667508 
0.0794 -0.0667513 
0.079425 -0.0667518 
0.07945 -0.0667523 
0.079475 -0.0667528 
0.0795 -0.0667533 
0.079525 -0.0667538 
0.07955 -0.0667542 
0.079575 -0.0667547 
0.0796 -0.0667551 
0.079625 -0.0667556 
0.07965 -0.066756 
0.079675 -0.0667564 
0.0797 -0.0667568 
0.079725 -0.0667572 
0.07975 -0.0667576 
0.079775 -0.0667579 
0.0798 -0.0667583 
0.079825 -0.0667586 
0.07985 -0.066759 
0.079875 -0.0667593 
0.0799 -0.0667597 
0.079925 -0.06676 
0.07995 -0.0667603 
0.079975 -0.0667606 
0.08 -0.0667609 
0.080025 -0.0667612 
0.08005 -0.0667616 
0.080075 -0.0667619 
0.0801 -0.0667622 
0.080125 -0.0667624 
0.08015 -0.0667627 
0.080175 -0.066763 
0.0802 -0.0667633 
0.080225 -0.0667636 
0.08025 -0.0667639 
0.080275 -0.0667642 
0.0803 -0.0667645 
0.080325 -0.0667648 
0.08035 -0.0667651 
0.080375 -0.0667655 
0.0804 -0.0667658 
0.080425 -0.0667661 
0.08045 -0.0667664 
0.080475 -0.0667667 
0.0805 -0.066767 
0.080525 -0.0667673 
0.08055 -0.0667676 
0.080575 -0.0667679 
0.0806 -0.0667682 
0.080625 -0.0667685 
0.08065 -0.0667688 
0.080675 -0.0667691 
0.0807 -0.0667693 
0.080725 -0.0667696 
0.08075 -0.0667699 
0.080775 -0.0667702 
0.0808 -0.0667705 
0.080825 -0.0667708 
0.08085 -0.0667711 
0.080875 -0.0667714 
0.0809 -0.0667718 
0.080925 -0.0667721 
0.08095 -0.0667724 
0.080975 -0.0667727 
0.081 -0.0667731 
0.081025 -0.0667734 
0.08105 -0.0667737 
0.081075 -0.0667741 
0.0811 -0.0667744 
0.081125 -0.0667747 
0.08115 -0.0667751 
0.081175 -0.0667754 
0.0812 -0.0667758 
0.081225 -0.0667761 
0.08125 -0.0667764 
0.081275 -0.0667768 
0.0813 -0.0667771 
0.081325 -0.0667774 
0.08135 -0.0667777 
0.081375 -0.066778 
0.0814 -0.0667783 
0.081425 -0.0667786 
0.08145 -0.0667789 
0.081475 -0.0667792 
0.0815 -0.0667795 
0.081525 -0.0667798 
0.08155 -0.0667801 
0.081575 -0.0667803 
0.0816 -0.0667806 
0.081625 -0.0667809 
0.08165 -0.0667811 
0.081675 -0.0667814 
0.0817 -0.0667817 
0.081725 -0.0667819 
0.08175 -0.0667822 
0.081775 -0.0667824 
0.0818 -0.0667827 
0.081825 -0.0667829 
0.08185 -0.0667832 
0.081875 -0.0667834 
0.0819 -0.0667837 
0.081925 -0.0667839 
0.08195 -0.0667842 
0.081975 -0.0667844 
0.082 -0.0667847 
0.082025 -0.0667849 
0.08205 -0.0667851 
0.082075 -0.0667854 
0.0821 -0.0667856 
0.082125 -0.0667859 
0.08215 -0.0667861 
0.082175 -0.0667863 
0.0822 -0.0667866 
0.082225 -0.0667868 
0.08225 -0.0667871 
0.082275 -0.0667873 
0.0823 -0.0667876 
0.082325 -0.0667878 
0.08235 -0.0667881 
0.082375 -0.0667883 
0.0824 -0.0667886 
0.082425 -0.0667888 
0.08245 -0.0667891 
0.082475 -0.0667893 
0.0825 -0.0667895 
0.082525 -0.0667898 
0.08255 -0.06679 
0.082575 -0.0667902 
0.0826 -0.0667905 
0.082625 -0.0667907 
0.08265 -0.0667909 
0.082675 -0.0667911 
0.0827 -0.0667914 
0.082725 -0.0667916 
0.08275 -0.0667918 
0.082775 -0.066792 
0.0828 -0.0667923 
0.082825 -0.0667925 
0.08285 -0.0667927 
0.082875 -0.0667929 
0.0829 -0.0667932 
0.082925 -0.0667934 
0.08295 -0.0667936 
0.082975 -0.0667939 
0.083 -0.0667941 
0.083025 -0.0667943 
0.08305 -0.0667945 
0.083075 -0.0667947 
0.0831 -0.066795 
0.083125 -0.0667952 
0.08315 -0.0667954 
0.083175 -0.0667956 
0.0832 -0.0667958 
0.083225 -0.066796 
0.08325 -0.0667962 
0.083275 -0.0667964 
0.0833 -0.0667967 
0.083325 -0.0667969 
0.08335 -0.0667971 
0.083375 -0.0667973 
0.0834 -0.0667975 
0.083425 -0.0667977 
0.08345 -0.0667979 
0.083475 -0.0667981 
0.0835 -0.0667983 
0.083525 -0.0667985 
0.08355 -0.0667987 
0.083575 -0.0667989 
0.0836 -0.0667991 
0.083625 -0.0667993 
0.08365 -0.0667995 
0.083675 -0.0667997 
0.0837 -0.0667999 
0.083725 -0.0668001 
0.08375 -0.0668005 
0.083775 -0.0668009 
0.0838 -0.0668013 
0.083825 -0.0668017 
0.08385 -0.0668022 
0.083875 -0.0668026 
0.0839 -0.066803 
0.083925 -0.0668034 
0.08395 -0.0668038 
0.083975 -0.0668042 
0.084 -0.0668046 
0.084025 -0.0668049 
0.08405 -0.0668053 
0.084075 -0.0668056 
0.0841 -0.0668059 
0.084125 -0.0668062 
0.08415 -0.0668066 
0.084175 -0.0668068 
0.0842 -0.0668071 
0.084225 -0.0668074 
0.08425 -0.0668077 
0.084275 -0.0668079 
0.0843 -0.0668082 
0.084325 -0.0668085 
0.08435 -0.0668087 
0.084375 -0.066809 
0.0844 -0.0668092 
0.084425 -0.0668094 
0.08445 -0.0668097 
0.084475 -0.0668099 
0.0845 -0.0668101 
0.084525 -0.0668104 
0.08455 -0.0668106 
0.084575 -0.0668108 
0.0846 -0.066811 
0.084625 -0.0668113 
0.08465 -0.0668115 
0.084675 -0.0668117 
0.0847 -0.0668119 
0.084725 -0.0668121 
0.08475 -0.0668123 
0.084775 -0.0668125 
0.0848 -0.0668128 
0.084825 -0.066813 
0.08485 -0.0668132 
0.084875 -0.0668134 
0.0849 -0.0668136 
0.084925 -0.0668138 
0.08495 -0.066814 
0.084975 -0.0668142 
0.085 -0.0668144 
0.085025 -0.0668146 
0.08505 -0.0668148 
0.085075 -0.0668151 
0.0851 -0.0668153 
0.085125 -0.0668155 
0.08515 -0.0668158 
0.085175 -0.066816 
0.0852 -0.0668163 
0.085225 -0.0668165 
0.08525 -0.0668167 
0.085275 -0.0668169 
0.0853 -0.0668172 
0.085325 -0.0668174 
0.08535 -0.0668176 
0.085375 -0.0668178 
0.0854 -0.066818 
0.085425 -0.0668182 
0.08545 -0.0668184 
0.085475 -0.0668186 
0.0855 -0.0668188 
0.085525 -0.066819 
0.08555 -0.0668192 
0.085575 -0.0668194 
0.0856 -0.0668196 
0.085625 -0.0668198 
0.08565 -0.06682 
0.085675 -0.0668202 
0.0857 -0.0668204 
0.085725 -0.0668206 
0.08575 -0.0668208 
0.085775 -0.066821 
0.0858 -0.0668212 
0.085825 -0.0668213 
0.08585 -0.0668215 
0.085875 -0.0668217 
0.0859 -0.0668219 
0.085925 -0.0668221 
0.08595 -0.0668223 
0.085975 -0.0668225 
0.086 -0.0668227 
0.086025 -0.0668228 
0.08605 -0.066823 
0.086075 -0.0668232 
0.0861 -0.0668234 
0.086125 -0.0668236 
0.08615 -0.0668238 
0.086175 -0.066824 
0.0862 -0.0668242 
0.086225 -0.0668244 
0.08625 -0.0668246 
0.086275 -0.0668249 
0.0863 -0.0668251 
0.086325 -0.0668253 
0.08635 -0.0668255 
0.086375 -0.0668258 
0.0864 -0.066826 
0.086425 -0.0668262 
0.08645 -0.0668264 
0.086475 -0.0668266 
0.0865 -0.0668268 
0.086525 -0.066827 
0.08655 -0.0668272 
0.086575 -0.0668274 
0.0866 -0.0668276 
0.086625 -0.0668278 
0.08665 -0.066828 
0.086675 -0.0668282 
0.0867 -0.0668284 
0.086725 -0.0668286 
0.08675 -0.0668287 
0.086775 -0.0668289 
0.0868 -0.0668291 
0.086825 -0.0668293 
0.08685 -0.0668295 
0.086875 -0.0668297 
0.0869 -0.0668299 
0.086925 -0.0668301 
0.08695 -0.0668303 
0.086975 -0.0668306 
0.087 -0.0668308 
0.087025 -0.066831 
0.08705 -0.0668312 
0.087075 -0.0668314 
0.0871 -0.0668316 
0.087125 -0.0668318 
0.08715 -0.066832 
0.087175 -0.0668321 
0.0872 -0.0668323 
0.087225 -0.0668325 
0.08725 -0.0668327 
0.087275 -0.0668329 
0.0873 -0.066833 
0.087325 -0.0668332 
0.08735 -0.0668334 
0.087375 -0.0668336 
0.0874 -0.0668337 
0.087425 -0.0668339 
0.08745 -0.0668341 
0.087475 -0.0668342 
0.0875 -0.0668344 
0.087525 -0.0668345 
0.08755 -0.0668347 
0.087575 -0.0668348 
0.0876 -0.066835 
0.087625 -0.0668351 
0.08765 -0.0668353 
0.087675 -0.0668355 
0.0877 -0.0668356 
0.087725 -0.0668358 
0.08775 -0.0668359 
0.087775 -0.0668361 
0.0878 -0.0668363 
0.087825 -0.0668364 
0.08785 -0.0668366 
0.087875 -0.0668368 
0.0879 -0.0668369 
0.087925 -0.0668371 
0.08795 -0.0668372 
0.087975 -0.0668374 
0.088 -0.0668375 
0.088025 -0.0668377 
0.08805 -0.0668379 
0.088075 -0.066838 
0.0881 -0.0668382 
0.088125 -0.0668383 
0.08815 -0.0668385 
0.088175 -0.0668386 
0.0882 -0.0668388 
0.088225 -0.066839 
0.08825 -0.0668391 
0.088275 -0.0668393 
0.0883 -0.0668395 
0.088325 -0.0668396 
0.08835 -0.0668398 
0.088375 -0.0668399 
0.0884 -0.0668401 
0.088425 -0.0668403 
0.08845 -0.0668404 
0.088475 -0.0668406 
0.0885 -0.0668407 
0.088525 -0.0668409 
0.08855 -0.066841 
0.088575 -0.0668411 
0.0886 -0.0668413 
0.088625 -0.0668414 
0.08865 -0.0668416 
0.088675 -0.0668417 
0.0887 -0.0668418 
0.088725 -0.066842 
0.08875 -0.0668421 
0.088775 -0.0668422 
0.0888 -0.0668424 
0.088825 -0.0668425 
0.08885 -0.0668426 
0.088875 -0.0668427 
0.0889 -0.0668429 
0.088925 -0.066843 
0.08895 -0.0668431 
0.088975 -0.0668433 
0.089 -0.0668434 
0.089025 -0.0668435 
0.08905 -0.0668436 
0.089075 -0.0668437 
0.0891 -0.0668439 
0.089125 -0.066844 
0.08915 -0.0668441 
0.089175 -0.0668442 
0.0892 -0.0668443 
0.089225 -0.0668445 
0.08925 -0.0668446 
0.089275 -0.0668447 
0.0893 -0.0668448 
0.089325 -0.0668449 
0.08935 -0.0668451 
0.089375 -0.0668452 
0.0894 -0.0668453 
0.089425 -0.0668454 
0.08945 -0.0668455 
0.089475 -0.0668456 
0.0895 -0.0668457 
0.089525 -0.0668458 
0.08955 -0.066846 
0.089575 -0.0668461 
0.0896 -0.0668462 
0.089625 -0.0668463 
0.08965 -0.0668464 
0.089675 -0.0668465 
0.0897 -0.0668466 
0.089725 -0.0668467 
0.08975 -0.0668468 
0.089775 -0.0668469 
0.0898 -0.0668471 
0.089825 -0.0668472 
0.08985 -0.0668473 
0.089875 -0.0668474 
0.0899 -0.0668475 
0.089925 -0.0668477 
0.08995 -0.0668478 
0.089975 -0.0668479 
0.09 -0.066848 
0.090025 -0.0668481 
0.09005 -0.0668482 
0.090075 -0.0668483 
0.0901 -0.0668485 
0.090125 -0.0668486 
0.09015 -0.0668487 
0.090175 -0.0668488 
0.0902 -0.0668489 
0.090225 -0.066849 
0.09025 -0.0668491 
0.090275 -0.0668492 
0.0903 -0.0668493 
0.090325 -0.0668494 
0.09035 -0.0668495 
0.090375 -0.0668496 
0.0904 -0.0668497 
0.090425 -0.0668498 
0.09045 -0.0668499 
0.090475 -0.06685 
0.0905 -0.0668502 
0.090525 -0.0668505 
0.09055 -0.0668508 
0.090575 -0.0668511 
0.0906 -0.0668514 
0.090625 -0.0668518 
0.09065 -0.0668521 
0.090675 -0.0668524 
0.0907 -0.0668527 
0.090725 -0.066853 
0.09075 -0.0668533 
0.090775 -0.0668536 
0.0908 -0.0668538 
0.090825 -0.0668541 
0.09085 -0.0668543 
0.090875 -0.0668545 
0.0909 -0.0668547 
0.090925 -0.0668549 
0.09095 -0.0668551 
0.090975 -0.0668553 
0.091 -0.0668555 
0.091025 -0.0668557 
0.09105 -0.0668559 
0.091075 -0.066856 
0.0911 -0.0668562 
0.091125 -0.0668563 
0.09115 -0.0668565 
0.091175 -0.0668566 
0.0912 -0.0668568 
0.091225 -0.0668569 
0.09125 -0.0668571 
0.091275 -0.0668572 
0.0913 -0.0668573 
0.091325 -0.0668575 
0.09135 -0.0668576 
0.091375 -0.0668577 
0.0914 -0.0668579 
0.091425 -0.066858 
0.09145 -0.0668581 
0.091475 -0.0668582 
0.0915 -0.0668583 
0.091525 -0.0668585 
0.09155 -0.0668586 
0.091575 -0.0668587 
0.0916 -0.0668588 
0.091625 -0.0668589 
0.09165 -0.066859 
0.091675 -0.0668591 
0.0917 -0.0668592 
0.091725 -0.0668594 
0.09175 -0.0668595 
0.091775 -0.0668596 
0.0918 -0.0668597 
0.091825 -0.0668598 
0.09185 -0.0668599 
0.091875 -0.06686 
0.0919 -0.0668601 
0.091925 -0.0668602 
0.09195 -0.0668603 
0.091975 -0.0668604 
0.092 -0.0668605 
0.092025 -0.0668606 
0.09205 -0.0668607 
0.092075 -0.0668608 
0.0921 -0.0668609 
0.092125 -0.066861 
0.09215 -0.066861 
0.092175 -0.0668611 
0.0922 -0.0668612 
0.092225 -0.0668613 
0.09225 -0.0668614 
0.092275 -0.0668615 
0.0923 -0.0668616 
0.092325 -0.0668617 
0.09235 -0.0668618 
0.092375 -0.0668619 
0.0924 -0.066862 
0.092425 -0.066862 
0.09245 -0.0668621 
0.092475 -0.0668622 
0.0925 -0.0668623 
0.092525 -0.0668624 
0.09255 -0.0668625 
0.092575 -0.0668625 
0.0926 -0.0668626 
0.092625 -0.0668627 
0.09265 -0.0668628 
0.092675 -0.0668629 
0.0927 -0.066863 
0.092725 -0.066863 
0.09275 -0.0668631 
0.092775 -0.0668632 
0.0928 -0.0668633 
0.092825 -0.0668634 
0.09285 -0.0668635 
0.092875 -0.0668636 
0.0929 -0.0668636 
0.092925 -0.0668637 
0.09295 -0.0668638 
0.092975 -0.0668639 
0.093 -0.066864 
0.093025 -0.066864 
0.09305 -0.0668641 
0.093075 -0.0668642 
0.0931 -0.0668643 
0.093125 -0.0668643 
0.09315 -0.0668644 
0.093175 -0.0668645 
0.0932 -0.0668646 
0.093225 -0.0668647 
0.09325 -0.0668647 
0.093275 -0.0668648 
0.0933 -0.0668649 
0.093325 -0.0668651 
0.09335 -0.0668652 
0.093375 -0.0668653 
0.0934 -0.0668654 
0.093425 -0.0668656 
0.09345 -0.0668657 
0.093475 -0.0668658 
0.0935 -0.0668659 
0.093525 -0.066866 
0.09355 -0.0668661 
0.093575 -0.0668662 
0.0936 -0.0668663 
0.093625 -0.0668664 
0.09365 -0.0668665 
0.093675 -0.0668666 
0.0937 -0.0668667 
0.093725 -0.0668668 
0.09375 -0.0668669 
0.093775 -0.066867 
0.0938 -0.0668671 
0.093825 -0.0668671 
0.09385 -0.0668672 
0.093875 -0.0668673 
0.0939 -0.0668674 
0.093925 -0.0668675 
0.09395 -0.0668675 
0.093975 -0.0668676 
0.094 -0.0668677 
0.094025 -0.0668678 
0.09405 -0.0668678 
0.094075 -0.0668679 
0.0941 -0.066868 
0.094125 -0.0668681 
0.09415 -0.0668681 
0.094175 -0.0668682 
0.0942 -0.0668683 
0.094225 -0.0668683 
0.09425 -0.0668684 
0.094275 -0.0668685 
0.0943 -0.0668685 
0.094325 -0.0668686 
0.09435 -0.0668687 
0.094375 -0.0668687 
0.0944 -0.0668688 
0.094425 -0.0668689 
0.09445 -0.0668689 
0.094475 -0.066869 
0.0945 -0.0668691 
0.094525 -0.0668691 
0.09455 -0.0668692 
0.094575 -0.0668693 
0.0946 -0.0668693 
0.094625 -0.0668694 
0.09465 -0.0668694 
0.094675 -0.0668695 
0.0947 -0.0668696 
0.094725 -0.0668696 
0.09475 -0.0668697 
0.094775 -0.0668697 
0.0948 -0.0668698 
0.094825 -0.0668699 
0.09485 -0.0668699 
0.094875 -0.06687 
0.0949 -0.06687 
0.094925 -0.0668701 
0.09495 -0.0668702 
0.094975 -0.0668702 
0.095 -0.0668703 
0.095025 -0.0668703 
0.09505 -0.0668704 
0.095075 -0.0668704 
0.0951 -0.0668705 
0.095125 -0.0668706 
0.09515 -0.0668706 
0.095175 -0.0668707 
0.0952 -0.0668707 
0.095225 -0.0668708 
0.09525 -0.0668708 
0.095275 -0.0668709 
0.0953 -0.0668709 
0.095325 -0.066871 
0.09535 -0.066871 
0.095375 -0.0668711 
0.0954 -0.0668711 
0.095425 -0.0668712 
0.09545 -0.0668712 
0.095475 -0.0668713 
0.0955 -0.0668714 
0.095525 -0.0668714 
0.09555 -0.0668715 
0.095575 -0.0668715 
0.0956 -0.0668716 
0.095625 -0.0668716 
0.09565 -0.0668717 
0.095675 -0.0668717 
0.0957 -0.0668718 
0.095725 -0.0668718 
0.09575 -0.0668719 
0.095775 -0.0668719 
0.0958 -0.0668719 
0.095825 -0.066872 
0.09585 -0.066872 
0.095875 -0.0668721 
0.0959 -0.0668721 
0.095925 -0.0668722 
0.09595 -0.0668722 
0.095975 -0.0668723 
0.096 -0.0668723 
0.096025 -0.0668724 
0.09605 -0.0668724 
0.096075 -0.0668725 
0.0961 -0.0668725 
0.096125 -0.0668726 
0.09615 -0.0668726 
0.096175 -0.0668727 
0.0962 -0.0668727 
0.096225 -0.0668727 
0.09625 -0.0668728 
0.096275 -0.0668728 
0.0963 -0.0668729 
0.096325 -0.0668729 
0.09635 -0.066873 
0.096375 -0.066873 
0.0964 -0.0668731 
0.096425 -0.0668731 
0.09645 -0.0668731 
0.096475 -0.0668732 
0.0965 -0.0668732 
0.096525 -0.0668733 
0.09655 -0.0668733 
0.096575 -0.0668734 
0.0966 -0.0668734 
0.096625 -0.0668734 
0.09665 -0.0668735 
0.096675 -0.0668735 
0.0967 -0.0668736 
0.096725 -0.0668736 
0.09675 -0.0668737 
0.096775 -0.0668737 
0.0968 -0.0668737 
0.096825 -0.0668738 
0.09685 -0.0668738 
0.096875 -0.0668739 
0.0969 -0.0668739 
0.096925 -0.0668739 
0.09695 -0.066874 
0.096975 -0.066874 
0.097 -0.0668741 
0.097025 -0.0668741 
0.09705 -0.0668741 
0.097075 -0.0668742 
0.0971 -0.0668742 
0.097125 -0.0668742 
0.09715 -0.0668743 
0.097175 -0.0668743 
0.0972 -0.0668744 
0.097225 -0.0668744 
0.09725 -0.0668744 
0.097275 -0.0668745 
0.0973 -0.0668745 
0.097325 -0.0668745 
0.09735 -0.0668746 
0.097375 -0.0668746 
0.0974 -0.0668747 
0.097425 -0.0668747 
0.09745 -0.0668747 
0.097475 -0.0668748 
0.0975 -0.0668748 
0.097525 -0.0668748 
0.09755 -0.0668749 
0.097575 -0.0668749 
0.0976 -0.0668749 
0.097625 -0.066875 
0.09765 -0.066875 
0.097675 -0.0668751 
0.0977 -0.0668751 
0.097725 -0.0668751 
0.09775 -0.0668752 
0.097775 -0.0668752 
0.0978 -0.0668752 
0.097825 -0.0668753 
0.09785 -0.0668753 
0.097875 -0.0668753 
0.0979 -0.0668754 
0.097925 -0.0668754 
0.09795 -0.0668754 
0.097975 -0.0668755 
0.098 -0.0668755 
0.098025 -0.0668755 
0.09805 -0.0668756 
0.098075 -0.0668756 
0.0981 -0.0668756 
0.098125 -0.0668757 
0.09815 -0.0668757 
0.098175 -0.0668757 
0.0982 -0.0668758 
0.098225 -0.0668758 
0.09825 -0.0668758 
0.098275 -0.0668758 
0.0983 -0.0668759 
0.098325 -0.0668759 
0.09835 -0.0668759 
0.098375 -0.066876 
0.0984 -0.066876 
0.098425 -0.066876 
0.09845 -0.0668761 
0.098475 -0.0668761 
0.0985 -0.0668761 
0.098525 -0.0668762 
0.09855 -0.0668762 
0.098575 -0.0668762 
0.0986 -0.0668762 
0.098625 -0.0668763 
0.09865 -0.0668763 
0.098675 -0.0668763 
0.0987 -0.0668764 
0.098725 -0.0668764 
0.09875 -0.0668764 
0.098775 -0.0668764 
0.0988 -0.0668765 
0.098825 -0.0668765 
0.09885 -0.0668765 
0.098875 -0.0668766 
0.0989 -0.0668766 
0.098925 -0.0668766 
0.09895 -0.0668766 
0.098975 -0.0668767 
0.099 -0.0668767 
0.099025 -0.0668767 
0.09905 -0.0668767 
0.099075 -0.0668768 
0.0991 -0.0668768 
0.099125 -0.0668768 
0.09915 -0.0668769 
0.099175 -0.0668769 
0.0992 -0.0668769 
0.099225 -0.0668769 
0.09925 -0.066877 
0.099275 -0.066877 
0.0993 -0.066877 
0.099325 -0.066877 
0.09935 -0.0668771 
0.099375 -0.0668771 
0.0994 -0.0668771 
0.099425 -0.0668771 
0.09945 -0.0668772 
0.099475 -0.0668772 
0.0995 -0.0668772 
0.099525 -0.0668773 
0.09955 -0.0668773 
0.099575 -0.0668773 
0.0996 -0.0668773 
0.099625 -0.0668774 
0.09965 -0.0668774 
0.099675 -0.0668774 
0.0997 -0.0668774 
0.099725 -0.0668775 
0.09975 -0.0668775 
0.099775 -0.0668775 
0.0998 -0.0668775 
0.099825 -0.0668776 
0.09985 -0.0668776 
0.099875 -0.0668776 
0.0999 -0.0668776 
0.099925 -0.0668777 
0.09995 -0.0668777 
0.099975 -0.0668777 
