0 -0.0668481 
2.5e-05 -0.0667409 
5e-05 -0.0666616 
7.5e-05 -0.0665915 
0.0001 -0.0665266 
0.000125 -0.0664644 
0.00015 -0.0664029 
0.000175 -0.0663406 
0.0002 -0.0662759 
0.000225 -0.0662079 
0.00025 -0.0661357 
0.000275 -0.0660585 
0.0003 -0.065976 
0.000325 -0.0658877 
0.00035 -0.0657936 
0.000375 -0.0656935 
0.0004 -0.0655874 
0.000425 -0.0654753 
0.00045 -0.0653575 
0.000475 -0.0652341 
0.0005 -0.0651051 
0.000525 -0.064971 
0.00055 -0.0648317 
0.000575 -0.0646876 
0.0006 -0.0645388 
0.000625 -0.0643855 
0.00065 -0.0642279 
0.000675 -0.0640662 
0.0007 -0.0639005 
0.000725 -0.0637309 
0.00075 -0.0635577 
0.000775 -0.0633808 
0.0008 -0.0632005 
0.000825 -0.0630167 
0.00085 -0.0628295 
0.000875 -0.062639 
0.0009 -0.0624451 
0.000925 -0.062248 
0.00095 -0.0620474 
0.000975 -0.0618434 
0.001 -0.061636 
0.001025 -0.0614251 
0.00105 -0.0612104 
0.001075 -0.0609919 
0.0011 -0.0607695 
0.001125 -0.0605429 
0.00115 -0.0603118 
0.001175 -0.0600761 
0.0012 -0.0598355 
0.001225 -0.0595896 
0.00125 -0.059338 
0.001275 -0.0590802 
0.0013 -0.0588159 
0.001325 -0.0585445 
0.00135 -0.0582652 
0.001375 -0.0579775 
0.0014 -0.0576805 
0.001425 -0.0573733 
0.00145 -0.0570549 
0.001475 -0.0567241 
0.0015 -0.0563794 
0.001525 -0.0560192 
0.00155 -0.0556417 
0.001575 -0.0552446 
0.0016 -0.0548253 
0.001625 -0.0543806 
0.00165 -0.0539064 
0.001675 -0.0533987 
0.0017 -0.0528509 
0.001725 -0.052256 
0.00175 -0.0516045 
0.001775 -0.0508839 
0.0018 -0.0500775 
0.001825 -0.0491615 
0.00185 -0.0481025 
0.001875 -0.0468473 
0.0019 -0.0453077 
0.001925 -0.0433151 
0.00195 -0.0404784 
0.001975 -0.035959 
0.002 -0.0295756 
0.002025 -0.0202954 
0.00205 -0.00553146 
0.002075 0.0153721 
0.0021 0.0303948 
0.002125 0.0351053 
0.00215 0.036303 
0.002175 0.0364494 
0.0022 0.0361875 
0.002225 0.0357019 
0.00225 0.035082 
0.002275 0.0343837 
0.0023 0.0336394 
0.002325 0.0328678 
0.00235 0.0320795 
0.002375 0.0312807 
0.0024 0.0304754 
0.002425 0.0296657 
0.00245 0.0288528 
0.002475 0.0280367 
0.0025 0.0272176 
0.002525 0.0263962 
0.00255 0.0255734 
0.002575 0.0247512 
0.0026 0.0239314 
0.002625 0.023116 
0.00265 0.0223069 
0.002675 0.0215054 
0.0027 0.0207124 
0.002725 0.0199286 
0.00275 0.0191544 
0.002775 0.01839 
0.0028 0.0176356 
0.002825 0.0168915 
0.00285 0.0161578 
0.002875 0.0154346 
0.0029 0.014722 
0.002925 0.0140201 
0.00295 0.0133288 
0.002975 0.012648 
0.003 0.0119774 
0.003025 0.0113168 
0.00305 0.010666 
0.003075 0.0100246 
0.0031 0.00939211 
0.003125 0.00876816 
0.00315 0.00815226 
0.003175 0.00754406 
0.0032 0.00694306 
0.003225 0.00634871 
0.00325 0.00576046 
0.003275 0.00517799 
0.0033 0.00460066 
0.003325 0.00402793 
0.00335 0.00345901 
0.003375 0.00289345 
0.0034 0.00233012 
0.003425 0.00176826 
0.00345 0.00120686 
0.003475 0.000645115 
0.0035 8.16637e-05 
0.003525 -0.000484435 
0.00355 -0.00105331 
0.003575 -0.00162508 
0.0036 -0.00219869 
0.003625 -0.00277273 
0.00365 -0.00334501 
0.003675 -0.00391249 
0.0037 -0.00447221 
0.003725 -0.00502126 
0.00375 -0.00555705 
0.003775 -0.00607821 
0.0038 -0.00658213 
0.003825 -0.00706854 
0.00385 -0.00753791 
0.003875 -0.00798935 
0.0039 -0.00842362 
0.003925 -0.00884127 
0.00395 -0.0092428 
0.003975 -0.0096287 
0.004 -0.0100001 
0.004025 -0.0103578 
0.00405 -0.0107022 
0.004075 -0.0110344 
0.0041 -0.0113546 
0.004125 -0.0116636 
0.00415 -0.0119623 
0.004175 -0.0122513 
0.0042 -0.012531 
0.004225 -0.0128017 
0.00425 -0.0130644 
0.004275 -0.013319 
0.0043 -0.0135661 
0.004325 -0.0138066 
0.00435 -0.0140411 
0.004375 -0.0142697 
0.0044 -0.0144929 
0.004425 -0.0147108 
0.00445 -0.0149242 
0.004475 -0.0151333 
0.0045 -0.0153383 
0.004525 -0.0155393 
0.00455 -0.0157366 
0.004575 -0.0159309 
0.0046 -0.0161223 
0.004625 -0.0163108 
0.00465 -0.0164966 
0.004675 -0.01668 
0.0047 -0.016861 
0.004725 -0.0170399 
0.00475 -0.0172167 
0.004775 -0.0173916 
0.0048 -0.0175645 
0.004825 -0.0177357 
0.00485 -0.0179056 
0.004875 -0.0180739 
0.0049 -0.0182406 
0.004925 -0.0184058 
0.00495 -0.0185697 
0.004975 -0.0187322 
0.005 -0.0188929 
0.005025 -0.0190523 
0.00505 -0.0192104 
0.005075 -0.0193671 
0.0051 -0.0195225 
0.005125 -0.0196765 
0.00515 -0.0198291 
0.005175 -0.0199803 
0.0052 -0.0201301 
0.005225 -0.0202784 
0.00525 -0.020425 
0.005275 -0.02057 
0.0053 -0.0207132 
0.005325 -0.0208546 
0.00535 -0.0209943 
0.005375 -0.021132 
0.0054 -0.0212678 
0.005425 -0.0214015 
0.00545 -0.0215331 
0.005475 -0.0216622 
0.0055 -0.021789 
0.005525 -0.0219135 
0.00555 -0.0220354 
0.005575 -0.0221541 
0.0056 -0.02227 
0.005625 -0.0223826 
0.00565 -0.0224917 
0.005675 -0.0225972 
0.0057 -0.0226987 
0.005725 -0.0227959 
0.00575 -0.0228886 
0.005775 -0.0229762 
0.0058 -0.0230584 
0.005825 -0.0231343 
0.00585 -0.0232027 
0.005875 -0.0232628 
0.0059 -0.0233131 
0.005925 -0.0233517 
0.00595 -0.0233765 
0.005975 -0.0233834 
0.006 -0.0233677 
0.006025 -0.0233226 
0.00605 -0.0232366 
0.006075 -0.0230908 
0.0061 -0.0228525 
0.006125 -0.0224596 
0.00615 -0.0218114 
0.006175 -0.0208907 
0.0062 -0.0199163 
0.006225 -0.0190665 
0.00625 -0.0183687 
0.006275 -0.0178033 
0.0063 -0.0173517 
0.006325 -0.0169996 
0.00635 -0.0167375 
0.006375 -0.0165578 
0.0064 -0.0164531 
0.006425 -0.0164158 
0.00645 -0.0164385 
0.006475 -0.0165129 
0.0065 -0.0166342 
0.006525 -0.0167994 
0.00655 -0.017005 
0.006575 -0.0172464 
0.0066 -0.0175186 
0.006625 -0.0178173 
0.00665 -0.0181382 
0.006675 -0.0184778 
0.0067 -0.0188328 
0.006725 -0.0192005 
0.00675 -0.0195785 
0.006775 -0.0199645 
0.0068 -0.0203564 
0.006825 -0.0207531 
0.00685 -0.0211534 
0.006875 -0.0215562 
0.0069 -0.0219606 
0.006925 -0.0223661 
0.00695 -0.0227722 
0.006975 -0.0231787 
0.007 -0.0235853 
0.007025 -0.023992 
0.00705 -0.0243992 
0.007075 -0.0248071 
0.0071 -0.0252165 
0.007125 -0.0256279 
0.00715 -0.0260423 
0.007175 -0.0264607 
0.0072 -0.026884 
0.007225 -0.0273135 
0.00725 -0.0277508 
0.007275 -0.0281972 
0.0073 -0.0286539 
0.007325 -0.0291222 
0.00735 -0.0296026 
0.007375 -0.0300948 
0.0074 -0.0305963 
0.007425 -0.0311045 
0.00745 -0.0316144 
0.007475 -0.0321185 
0.0075 -0.0326086 
0.007525 -0.0330775 
0.00755 -0.0335193 
0.007575 -0.0339303 
0.0076 -0.0343087 
0.007625 -0.0346543 
0.00765 -0.0349681 
0.007675 -0.0352516 
0.0077 -0.0355071 
0.007725 -0.0357366 
0.00775 -0.0359425 
0.007775 -0.0361269 
0.0078 -0.0362919 
0.007825 -0.0364396 
0.00785 -0.0365717 
0.007875 -0.0366899 
0.0079 -0.0367955 
0.007925 -0.0368895 
0.00795 -0.036973 
0.007975 -0.0370466 
0.008 -0.0371109 
0.008025 -0.0371664 
0.00805 -0.0372136 
0.008075 -0.0372529 
0.0081 -0.0372845 
0.008125 -0.0373087 
0.00815 -0.0373264 
0.008175 -0.0373376 
0.0082 -0.0373426 
0.008225 -0.0373418 
0.00825 -0.0373359 
0.008275 -0.0373252 
0.0083 -0.0373103 
0.008325 -0.0372916 
0.00835 -0.0372685 
0.008375 -0.037242 
0.0084 -0.0372117 
0.008425 -0.0371779 
0.00845 -0.0371408 
0.008475 -0.0371005 
0.0085 -0.037057 
0.008525 -0.0370105 
0.00855 -0.0369612 
0.008575 -0.036909 
0.0086 -0.036854 
0.008625 -0.0367964 
0.00865 -0.0367362 
0.008675 -0.0366733 
0.0087 -0.036608 
0.008725 -0.0365403 
0.00875 -0.03647 
0.008775 -0.0363974 
0.0088 -0.0363224 
0.008825 -0.0362451 
0.00885 -0.0361653 
0.008875 -0.0360832 
0.0089 -0.0359986 
0.008925 -0.0359116 
0.00895 -0.0358223 
0.008975 -0.0357305 
0.009 -0.0356363 
0.009025 -0.0355395 
0.00905 -0.0354399 
0.009075 -0.0353376 
0.0091 -0.0352326 
0.009125 -0.0351248 
0.00915 -0.0350141 
0.009175 -0.0349003 
0.0092 -0.0347833 
0.009225 -0.0346628 
0.00925 -0.0345388 
0.009275 -0.0344112 
0.0093 -0.0342793 
0.009325 -0.0341433 
0.00935 -0.0340027 
0.009375 -0.0338573 
0.0094 -0.0337067 
0.009425 -0.0335504 
0.00945 -0.0333882 
0.009475 -0.0332193 
0.0095 -0.033043 
0.009525 -0.0328586 
0.00955 -0.0326652 
0.009575 -0.0324617 
0.0096 -0.0322467 
0.009625 -0.0320188 
0.00965 -0.0317758 
0.009675 -0.0315154 
0.0097 -0.0312341 
0.009725 -0.0309281 
0.00975 -0.0305913 
0.009775 -0.0302156 
0.0098 -0.0297892 
0.009825 -0.0292937 
0.00985 -0.0286991 
0.009875 -0.0279522 
0.0099 -0.0269512 
0.009925 -0.0255096 
0.00995 -0.0235348 
0.009975 -0.0214503 
0.01 -0.0194884 
0.010025 -0.0176226 
0.01005 -0.0158412 
0.010075 -0.0141587 
0.0101 -0.0126014 
0.010125 -0.0111978 
0.01015 -0.00997096 
0.010175 -0.0089382 
0.0102 -0.00810704 
0.010225 -0.00747575 
0.01025 -0.0070333 
0.010275 -0.00676297 
0.0103 -0.00664498 
0.010325 -0.00666005 
0.01035 -0.00679102 
0.010375 -0.00702032 
0.0104 -0.00733105 
0.010425 -0.00770941 
0.01045 -0.00814311 
0.010475 -0.00862135 
0.0105 -0.00913628 
0.010525 -0.00968062 
0.01055 -0.0102489 
0.010575 -0.0108362 
0.0106 -0.0114389 
0.010625 -0.0120537 
0.01065 -0.0126787 
0.010675 -0.0133115 
0.0107 -0.0139504 
0.010725 -0.0145947 
0.01075 -0.0152428 
0.010775 -0.015894 
0.0108 -0.0165478 
0.010825 -0.0172038 
0.01085 -0.0178619 
0.010875 -0.0185218 
0.0109 -0.0191839 
0.010925 -0.0198482 
0.01095 -0.0205146 
0.010975 -0.0211839 
0.011 -0.0218576 
0.011025 -0.0225363 
0.01105 -0.0232211 
0.011075 -0.0239135 
0.0111 -0.0246154 
0.011125 -0.0253288 
0.01115 -0.0260565 
0.011175 -0.0268016 
0.0112 -0.0275668 
0.011225 -0.0283548 
0.01125 -0.0291681 
0.011275 -0.0300081 
0.0113 -0.0308738 
0.011325 -0.0317611 
0.01135 -0.0326628 
0.011375 -0.0335677 
0.0114 -0.0344629 
0.011425 -0.0353355 
0.01145 -0.0361738 
0.011475 -0.0369695 
0.0115 -0.0377171 
0.011525 -0.0384143 
0.01155 -0.0390606 
0.011575 -0.0396572 
0.0116 -0.0402064 
0.011625 -0.0407109 
0.01165 -0.0411738 
0.011675 -0.0415978 
0.0117 -0.0419862 
0.011725 -0.0423417 
0.01175 -0.0426672 
0.011775 -0.0429649 
0.0118 -0.0432369 
0.011825 -0.0434853 
0.01185 -0.0437117 
0.011875 -0.0439176 
0.0119 -0.0441046 
0.011925 -0.0442741 
0.01195 -0.0444275 
0.011975 -0.0445659 
0.012 -0.0446907 
0.012025 -0.044803 
0.01205 -0.0449038 
0.012075 -0.0449941 
0.0121 -0.0450749 
0.012125 -0.0451469 
0.01215 -0.0452107 
0.012175 -0.045267 
0.0122 -0.0453165 
0.012225 -0.0453595 
0.01225 -0.0453966 
0.012275 -0.045428 
0.0123 -0.0454542 
0.012325 -0.0454755 
0.01235 -0.0454922 
0.012375 -0.0455043 
0.0124 -0.0455126 
0.012425 -0.0455172 
0.01245 -0.0455181 
0.012475 -0.0455156 
0.0125 -0.0455098 
0.012525 -0.045501 
0.01255 -0.045489 
0.012575 -0.0454738 
0.0126 -0.045456 
0.012625 -0.0454358 
0.01265 -0.0454129 
0.012675 -0.0453877 
0.0127 -0.0453601 
0.012725 -0.0453304 
0.01275 -0.0452985 
0.012775 -0.0452644 
0.0128 -0.0452283 
0.012825 -0.0451902 
0.01285 -0.04515 
0.012875 -0.045108 
0.0129 -0.0450639 
0.012925 -0.0450179 
0.01295 -0.0449699 
0.012975 -0.04492 
0.013 -0.0448682 
0.013025 -0.0448145 
0.01305 -0.0447588 
0.013075 -0.0447011 
0.0131 -0.0446415 
0.013125 -0.0445799 
0.01315 -0.0445161 
0.013175 -0.0444504 
0.0132 -0.0443825 
0.013225 -0.0443124 
0.01325 -0.0442401 
0.013275 -0.0441654 
0.0133 -0.0440884 
0.013325 -0.044009 
0.01335 -0.043927 
0.013375 -0.0438424 
0.0134 -0.0437549 
0.013425 -0.0436646 
0.01345 -0.0435712 
0.013475 -0.0434746 
0.0135 -0.0433747 
0.013525 -0.0432713 
0.01355 -0.0431642 
0.013575 -0.0430532 
0.0136 -0.0429379 
0.013625 -0.0428182 
0.01365 -0.0426938 
0.013675 -0.0425643 
0.0137 -0.0424294 
0.013725 -0.0422888 
0.01375 -0.0421419 
0.013775 -0.0419882 
0.0138 -0.0418273 
0.013825 -0.0416582 
0.01385 -0.0414805 
0.013875 -0.0412932 
0.0139 -0.0410954 
0.013925 -0.040886 
0.01395 -0.0406636 
0.013975 -0.0404266 
0.014 -0.0401736 
0.014025 -0.039902 
0.01405 -0.0396094 
0.014075 -0.0392926 
0.0141 -0.0389476 
0.014125 -0.0385697 
0.01415 -0.038152 
0.014175 -0.0376865 
0.0142 -0.0371608 
0.014225 -0.0365591 
0.01425 -0.0358564 
0.014275 -0.0350137 
0.0143 -0.0339607 
0.014325 -0.0325578 
0.01435 -0.0305048 
0.014375 -0.0275435 
0.0144 -0.0241604 
0.014425 -0.0204646 
0.01445 -0.0163188 
0.014475 -0.0117126 
0.0145 -0.00679949 
0.014525 -0.00192224 
0.01455 0.0024396 
0.014575 0.00587403 
0.0146 0.00824734 
0.014625 0.00968936 
0.01465 0.0104336 
0.014675 0.010698 
0.0147 0.0106432 
0.014725 0.0103768 
0.01475 0.00996948 
0.014775 0.00946692 
0.0148 0.00889898 
0.014825 0.00828517 
0.01485 0.00763901 
0.014875 0.00696976 
0.0149 0.00628406 
0.014925 0.00558679 
0.01495 0.00488175 
0.014975 0.00417183 
0.015 0.00345918 
0.015025 0.00274525 
0.01505 0.00203115 
0.015075 0.0013178 
0.0151 0.000605763 
0.015125 -0.000104369 
0.01515 -0.000812523 
0.015175 -0.00151852 
0.0152 -0.00222238 
0.015225 -0.00292432 
0.01525 -0.00362441 
0.015275 -0.00432306 
0.0153 -0.00502076 
0.015325 -0.00571779 
0.01535 -0.00641474 
0.015375 -0.00711254 
0.0154 -0.00781192 
0.015425 -0.0085136 
0.01545 -0.00921835 
0.015475 -0.00992741 
0.0155 -0.0106419 
0.015525 -0.0113636 
0.01555 -0.0120942 
0.015575 -0.0128352 
0.0156 -0.0135894 
0.015625 -0.0143591 
0.01565 -0.015148 
0.015675 -0.0159595 
0.0157 -0.0167978 
0.015725 -0.0176679 
0.01575 -0.0185751 
0.015775 -0.0195246 
0.0158 -0.0205216 
0.015825 -0.0215693 
0.01585 -0.0226686 
0.015875 -0.0238167 
0.0159 -0.0250074 
0.015925 -0.0262311 
0.01595 -0.0274775 
0.015975 -0.0287351 
0.016 -0.0299926 
0.016025 -0.0312405 
0.01605 -0.0324713 
0.016075 -0.0336779 
0.0161 -0.0348543 
0.016125 -0.0359952 
0.01615 -0.0370955 
0.016175 -0.0381511 
0.0162 -0.0391589 
0.016225 -0.0401158 
0.01625 -0.0410199 
0.016275 -0.04187 
0.0163 -0.0426661 
0.016325 -0.0434084 
0.01635 -0.0440984 
0.016375 -0.0447378 
0.0164 -0.0453288 
0.016425 -0.0458741 
0.01645 -0.0463763 
0.016475 -0.0468384 
0.0165 -0.0472632 
0.016525 -0.0476534 
0.01655 -0.048012 
0.016575 -0.0483413 
0.0166 -0.0486438 
0.016625 -0.0489219 
0.01665 -0.0491776 
0.016675 -0.0494128 
0.0167 -0.0496294 
0.016725 -0.0498289 
0.01675 -0.0500129 
0.016775 -0.0501827 
0.0168 -0.0503394 
0.016825 -0.0504843 
0.01685 -0.0506185 
0.016875 -0.0507427 
0.0169 -0.050858 
0.016925 -0.0509649 
0.01695 -0.0510642 
0.016975 -0.0511566 
0.017 -0.0512425 
0.017025 -0.0513225 
0.01705 -0.0513971 
0.017075 -0.0514667 
0.0171 -0.0515316 
0.017125 -0.0515922 
0.01715 -0.0516489 
0.017175 -0.0517019 
0.0172 -0.0517515 
0.017225 -0.0517979 
0.01725 -0.0518414 
0.017275 -0.0518821 
0.0173 -0.0519203 
0.017325 -0.0519561 
0.01735 -0.0519896 
0.017375 -0.0520211 
0.0174 -0.0520506 
0.017425 -0.0520784 
0.01745 -0.0521043 
0.017475 -0.0521287 
0.0175 -0.0521515 
0.017525 -0.0521729 
0.01755 -0.0521929 
0.017575 -0.0522117 
0.0176 -0.0522293 
0.017625 -0.0522457 
0.01765 -0.052261 
0.017675 -0.0522754 
0.0177 -0.0522888 
0.017725 -0.052301 
0.01775 -0.0523125 
0.017775 -0.0523233 
0.0178 -0.0523333 
0.017825 -0.0523424 
0.01785 -0.0523505 
0.017875 -0.0523582 
0.0179 -0.0523655 
0.017925 -0.0523721 
0.01795 -0.0523781 
0.017975 -0.0523834 
0.018 -0.0523881 
0.018025 -0.0523921 
0.01805 -0.0523954 
0.018075 -0.0523983 
0.0181 -0.0524005 
0.018125 -0.0524028 
0.01815 -0.052405 
0.018175 -0.0524068 
0.0182 -0.0524083 
0.018225 -0.0524094 
0.01825 -0.0524101 
0.018275 -0.0524104 
0.0183 -0.0524104 
0.018325 -0.05241 
0.01835 -0.0524093 
0.018375 -0.0524083 
0.0184 -0.052407 
0.018425 -0.0524054 
0.01845 -0.0524035 
0.018475 -0.0524014 
0.0185 -0.0523989 
0.018525 -0.0523956 
0.01855 -0.0523917 
0.018575 -0.0523875 
0.0186 -0.0523831 
0.018625 -0.0523784 
0.01865 -0.0523735 
0.018675 -0.0523686 
0.0187 -0.0523635 
0.018725 -0.0523584 
0.01875 -0.0523532 
0.018775 -0.0523479 
0.0188 -0.0523419 
0.018825 -0.0523354 
0.01885 -0.0523286 
0.018875 -0.0523217 
0.0189 -0.0523147 
0.018925 -0.0523077 
0.01895 -0.0523007 
0.018975 -0.0522933 
0.019 -0.0522852 
0.019025 -0.0522769 
0.01905 -0.0522684 
0.019075 -0.0522599 
0.0191 -0.0522514 
0.019125 -0.0522425 
0.01915 -0.052233 
0.019175 -0.0522233 
0.0192 -0.0522134 
0.019225 -0.0522035 
0.01925 -0.0521933 
0.019275 -0.0521825 
0.0193 -0.0521714 
0.019325 -0.0521602 
0.01935 -0.0521489 
0.019375 -0.052137 
0.0194 -0.0521246 
0.019425 -0.0521119 
0.01945 -0.0520993 
0.019475 -0.052086 
0.0195 -0.0520723 
0.019525 -0.0520583 
0.01955 -0.052044 
0.019575 -0.0520291 
0.0196 -0.0520137 
0.019625 -0.0519982 
0.01965 -0.0519819 
0.019675 -0.0519652 
0.0197 -0.0519482 
0.019725 -0.0519304 
0.01975 -0.051912 
0.019775 -0.0518932 
0.0198 -0.0518735 
0.019825 -0.0518533 
0.01985 -0.0518323 
0.019875 -0.0518105 
0.0199 -0.051788 
0.019925 -0.0517645 
0.01995 -0.0517403 
0.019975 -0.0517149 
0.02 -0.0516886 
0.020025 -0.0516611 
0.02005 -0.0516325 
0.020075 -0.0516025 
0.0201 -0.0515711 
0.020125 -0.0515384 
0.02015 -0.0515039 
0.020175 -0.0514678 
0.0202 -0.0514298 
0.020225 -0.0513897 
0.02025 -0.0513474 
0.020275 -0.0513025 
0.0203 -0.0512549 
0.020325 -0.0512044 
0.02035 -0.0511504 
0.020375 -0.0510927 
0.0204 -0.0510308 
0.020425 -0.050964 
0.02045 -0.050892 
0.020475 -0.0508138 
0.0205 -0.0507286 
0.020525 -0.0506351 
0.02055 -0.0505319 
0.020575 -0.0504172 
0.0206 -0.0502885 
0.020625 -0.0501426 
0.02065 -0.049975 
0.020675 -0.0497795 
0.0207 -0.0495466 
0.020725 -0.0492614 
0.02075 -0.048899 
0.020775 -0.0484116 
0.0208 -0.0476943 
0.020825 -0.0464737 
0.02085 -0.0443397 
0.020875 -0.0418321 
0.0209 -0.0393414 
0.020925 -0.0366297 
0.02095 -0.0334083 
0.020975 -0.0293399 
0.021 -0.0240068 
0.021025 -0.0169416 
0.02105 -0.0076732 
0.021075 0.00372853 
0.0211 0.0146088 
0.021125 0.0213876 
0.02115 0.0244767 
0.021175 0.025665 
0.0212 0.0259744 
0.021225 0.0258703 
0.02125 0.0255644 
0.021275 0.0251499 
0.0213 0.024665 
0.021325 0.0241247 
0.02135 0.0235375 
0.021375 0.0229105 
0.0214 0.0222509 
0.021425 0.0215655 
0.02145 0.0208606 
0.021475 0.0201412 
0.0215 0.0194116 
0.021525 0.018675 
0.02155 0.0179341 
0.021575 0.0171911 
0.0216 0.0164476 
0.021625 0.0157051 
0.02165 0.0149647 
0.021675 0.0142271 
0.0217 0.0134932 
0.021725 0.0127633 
0.02175 0.012038 
0.021775 0.0113175 
0.0218 0.0106019 
0.021825 0.00989122 
0.02185 0.0091854 
0.021875 0.00848444 
0.0219 0.00778804 
0.021925 0.00709593 
0.02195 0.00640784 
0.021975 0.00572332 
0.022 0.00504194 
0.022025 0.00436306 
0.02205 0.00368604 
0.022075 0.00301031 
0.0221 0.00233489 
0.022125 0.00165873 
0.02215 0.000981088 
0.022175 0.000300399 
0.0222 -0.000384519 
0.022225 -0.00107565 
0.02225 -0.00177495 
0.022275 -0.00248451 
0.0223 -0.00320679 
0.022325 -0.00394423 
0.02235 -0.00469872 
0.022375 -0.00547295 
0.0224 -0.0062676 
0.022425 -0.00708215 
0.02245 -0.00791501 
0.022475 -0.00876416 
0.0225 -0.00962631 
0.022525 -0.0104985 
0.02255 -0.0113771 
0.022575 -0.0122608 
0.0226 -0.0131481 
0.022625 -0.0140386 
0.02265 -0.0149328 
0.022675 -0.0158324 
0.0227 -0.0167383 
0.022725 -0.0176517 
0.02275 -0.0185744 
0.022775 -0.0195077 
0.0228 -0.0204534 
0.022825 -0.0214123 
0.02285 -0.0223863 
0.022875 -0.0233751 
0.0229 -0.0243803 
0.022925 -0.0254013 
0.02295 -0.0264388 
0.022975 -0.0274915 
0.023 -0.0285579 
0.023025 -0.0296362 
0.02305 -0.0307235 
0.023075 -0.0318165 
0.0231 -0.0329111 
0.023125 -0.0340031 
0.02315 -0.0350877 
0.023175 -0.03616 
0.0232 -0.037215 
0.023225 -0.0382474 
0.02325 -0.0392526 
0.023275 -0.0402264 
0.0233 -0.0411647 
0.023325 -0.0420645 
0.02335 -0.0429235 
0.023375 -0.0437401 
0.0234 -0.0445134 
0.023425 -0.0452433 
0.02345 -0.0459302 
0.023475 -0.0465749 
0.0235 -0.0471788 
0.023525 -0.0477437 
0.02355 -0.0482713 
0.023575 -0.0487638 
0.0236 -0.0492233 
0.023625 -0.0496517 
0.02365 -0.0500512 
0.023675 -0.050424 
0.0237 -0.050772 
0.023725 -0.0510972 
0.02375 -0.0514011 
0.023775 -0.0516857 
0.0238 -0.0519523 
0.023825 -0.0522025 
0.02385 -0.0524376 
0.023875 -0.0526586 
0.0239 -0.0528669 
0.023925 -0.0530634 
0.02395 -0.053249 
0.023975 -0.0534247 
0.024 -0.0535911 
0.024025 -0.0537491 
0.02405 -0.0538993 
0.024075 -0.0540422 
0.0241 -0.0541784 
0.024125 -0.0543085 
0.02415 -0.0544329 
0.024175 -0.054552 
0.0242 -0.0546662 
0.024225 -0.0547759 
0.02425 -0.0548814 
0.024275 -0.054983 
0.0243 -0.055081 
0.024325 -0.0551756 
0.02435 -0.055267 
0.024375 -0.0553555 
0.0244 -0.0554413 
0.024425 -0.0555245 
0.02445 -0.0556053 
0.024475 -0.0556839 
0.0245 -0.0557605 
0.024525 -0.0558351 
0.02455 -0.0559079 
0.024575 -0.0559791 
0.0246 -0.0560486 
0.024625 -0.0561167 
0.02465 -0.0561834 
0.024675 -0.0562488 
0.0247 -0.0563129 
0.024725 -0.0563759 
0.02475 -0.0564379 
0.024775 -0.0564988 
0.0248 -0.0565588 
0.024825 -0.0566179 
0.02485 -0.0566761 
0.024875 -0.0567335 
0.0249 -0.0567902 
0.024925 -0.0568462 
0.02495 -0.0569016 
0.024975 -0.0569563 
0.025 -0.0570105 
0.025025 -0.057064 
0.02505 -0.0571171 
0.025075 -0.0571697 
0.0251 -0.0572219 
0.025125 -0.0572736 
0.02515 -0.0573249 
0.025175 -0.0573758 
0.0252 -0.0574264 
0.025225 -0.0574767 
0.02525 -0.0575266 
0.025275 -0.0575763 
0.0253 -0.0576256 
0.025325 -0.0576747 
0.02535 -0.0577236 
0.025375 -0.0577721 
0.0254 -0.0578205 
0.025425 -0.0578687 
0.02545 -0.0579166 
0.025475 -0.0579644 
0.0255 -0.0580121 
0.025525 -0.0580595 
0.02555 -0.0581068 
0.025575 -0.058154 
0.0256 -0.058201 
0.025625 -0.0582479 
0.02565 -0.0582947 
0.025675 -0.0583414 
0.0257 -0.0583879 
0.025725 -0.0584344 
0.02575 -0.0584807 
0.025775 -0.058527 
0.0258 -0.0585732 
0.025825 -0.0586193 
0.02585 -0.0586653 
0.025875 -0.0587113 
0.0259 -0.0587572 
0.025925 -0.058803 
0.02595 -0.0588488 
0.025975 -0.0588944 
0.026 -0.0589401 
0.026025 -0.0589856 
0.02605 -0.0590311 
0.026075 -0.0590766 
0.0261 -0.059122 
0.026125 -0.0591674 
0.02615 -0.0592127 
0.026175 -0.059258 
0.0262 -0.0593032 
0.026225 -0.0593484 
0.02625 -0.0593935 
0.026275 -0.0594386 
0.0263 -0.0594837 
0.026325 -0.0595287 
0.02635 -0.0595737 
0.026375 -0.0596187 
0.0264 -0.0596636 
0.026425 -0.0597085 
0.02645 -0.0597533 
0.026475 -0.0597981 
0.0265 -0.0598428 
0.026525 -0.0598875 
0.02655 -0.0599321 
0.026575 -0.0599767 
0.0266 -0.0600212 
0.026625 -0.0600657 
0.02665 -0.0601102 
0.026675 -0.0601546 
0.0267 -0.060199 
0.026725 -0.0602433 
0.02675 -0.0602875 
0.026775 -0.0603317 
0.0268 -0.0603758 
0.026825 -0.0604199 
0.02685 -0.0604639 
0.026875 -0.0605079 
0.0269 -0.0605518 
0.026925 -0.0605956 
0.02695 -0.0606394 
0.026975 -0.0606831 
0.027 -0.0607267 
0.027025 -0.0607703 
0.02705 -0.0608138 
0.027075 -0.0608572 
0.0271 -0.0609005 
0.027125 -0.0609438 
0.02715 -0.060987 
0.027175 -0.0610301 
0.0272 -0.0610732 
0.027225 -0.0611161 
0.02725 -0.061159 
0.027275 -0.0612018 
0.0273 -0.0612445 
0.027325 -0.0612871 
0.02735 -0.0613296 
0.027375 -0.061372 
0.0274 -0.0614143 
0.027425 -0.0614566 
0.02745 -0.0614987 
0.027475 -0.0615408 
0.0275 -0.0615827 
0.027525 -0.0616246 
0.02755 -0.0616663 
0.027575 -0.0617079 
0.0276 -0.0617495 
0.027625 -0.0617909 
0.02765 -0.0618322 
0.027675 -0.0618734 
0.0277 -0.0619145 
0.027725 -0.0619555 
0.02775 -0.0619964 
0.027775 -0.0620371 
0.0278 -0.0620778 
0.027825 -0.0621183 
0.02785 -0.0621587 
0.027875 -0.062199 
0.0279 -0.0622392 
0.027925 -0.0622792 
0.02795 -0.0623191 
0.027975 -0.0623589 
0.028 -0.0623985 
0.028025 -0.0624381 
0.02805 -0.0624774 
0.028075 -0.0625167 
0.0281 -0.0625558 
0.028125 -0.0625948 
0.02815 -0.0626337 
0.028175 -0.0626724 
0.0282 -0.062711 
0.028225 -0.0627495 
0.02825 -0.0627878 
0.028275 -0.0628259 
0.0283 -0.062864 
0.028325 -0.0629018 
0.02835 -0.0629396 
0.028375 -0.0629772 
0.0284 -0.0630147 
0.028425 -0.063052 
0.02845 -0.0630892 
0.028475 -0.0631263 
0.0285 -0.0631631 
0.028525 -0.0631999 
0.02855 -0.0632365 
0.028575 -0.0632729 
0.0286 -0.0633092 
0.028625 -0.0633454 
0.02865 -0.0633814 
0.028675 -0.0634172 
0.0287 -0.0634529 
0.028725 -0.0634885 
0.02875 -0.0635238 
0.028775 -0.0635591 
0.0288 -0.0635942 
0.028825 -0.0636291 
0.02885 -0.0636639 
0.028875 -0.0636985 
0.0289 -0.0637329 
0.028925 -0.0637673 
0.02895 -0.0638014 
0.028975 -0.0638354 
0.029 -0.0638693 
0.029025 -0.0639029 
0.02905 -0.0639365 
0.029075 -0.0639698 
0.0291 -0.064003 
0.029125 -0.0640361 
0.02915 -0.064069 
0.029175 -0.0641017 
0.0292 -0.0641343 
0.029225 -0.0641667 
0.02925 -0.064199 
0.029275 -0.0642311 
0.0293 -0.064263 
0.029325 -0.0642948 
0.02935 -0.0643265 
0.029375 -0.0643579 
0.0294 -0.0643892 
0.029425 -0.0644204 
0.02945 -0.0644514 
0.029475 -0.0644822 
0.0295 -0.0645129 
0.029525 -0.0645434 
0.02955 -0.0645737 
0.029575 -0.0646039 
0.0296 -0.064634 
0.029625 -0.0646638 
0.02965 -0.0646935 
0.029675 -0.0647231 
0.0297 -0.0647525 
0.029725 -0.0647817 
0.02975 -0.0648108 
0.029775 -0.0648397 
0.0298 -0.0648685 
0.029825 -0.0648971 
0.02985 -0.0649255 
0.029875 -0.0649538 
0.0299 -0.0649819 
0.029925 -0.0650099 
0.02995 -0.0650377 
0.029975 -0.0650653 
0.03 -0.0650928 
0.030025 -0.0651202 
0.03005 -0.0651473 
0.030075 -0.0651744 
0.0301 -0.0652012 
0.030125 -0.065228 
0.03015 -0.0652545 
0.030175 -0.0652809 
0.0302 -0.0653071 
0.030225 -0.0653332 
0.03025 -0.0653591 
0.030275 -0.0653849 
0.0303 -0.0654105 
0.030325 -0.065436 
0.03035 -0.0654613 
0.030375 -0.0654865 
0.0304 -0.0655115 
0.030425 -0.0655363 
0.03045 -0.065561 
0.030475 -0.0655856 
0.0305 -0.0656099 
0.030525 -0.0656342 
0.03055 -0.0656582 
0.030575 -0.0656822 
0.0306 -0.065706 
0.030625 -0.0657296 
0.03065 -0.0657531 
0.030675 -0.0657764 
0.0307 -0.0657996 
0.030725 -0.0658226 
0.03075 -0.0658455 
0.030775 -0.0658682 
0.0308 -0.0658908 
0.030825 -0.0659132 
0.03085 -0.0659355 
0.030875 -0.0659576 
0.0309 -0.0659796 
0.030925 -0.0660014 
0.03095 -0.0660231 
0.030975 -0.0660447 
0.031 -0.0660661 
0.031025 -0.0660873 
0.03105 -0.0661084 
0.031075 -0.0661294 
0.0311 -0.0661502 
0.031125 -0.0661709 
0.03115 -0.0661914 
0.031175 -0.0662118 
0.0312 -0.066232 
0.031225 -0.0662521 
0.03125 -0.0662721 
0.031275 -0.0662919 
0.0313 -0.0663116 
0.031325 -0.0663311 
0.03135 -0.0663505 
0.031375 -0.0663698 
0.0314 -0.0663889 
0.031425 -0.0664078 
0.03145 -0.0664267 
0.031475 -0.0664454 
0.0315 -0.0664639 
0.031525 -0.0664824 
0.03155 -0.0665006 
0.031575 -0.0665188 
0.0316 -0.0665368 
0.031625 -0.0665546 
0.03165 -0.0665724 
0.031675 -0.06659 
0.0317 -0.0666074 
0.031725 -0.0666247 
0.03175 -0.0666419 
0.031775 -0.066659 
0.0318 -0.0666759 
0.031825 -0.0666927 
0.03185 -0.0667093 
0.031875 -0.0667259 
0.0319 -0.0667423 
0.031925 -0.0667585 
0.03195 -0.0667746 
0.031975 -0.0667906 
0.032 -0.0668065 
0.032025 -0.0668222 
0.03205 -0.0668378 
0.032075 -0.0668533 
0.0321 -0.0668687 
0.032125 -0.0668839 
0.03215 -0.0668989 
0.032175 -0.0669139 
0.0322 -0.0669288 
0.032225 -0.0669434 
0.03225 -0.066958 
0.032275 -0.0669725 
0.0323 -0.0669868 
0.032325 -0.067001 
0.03235 -0.067015 
0.032375 -0.067029 
0.0324 -0.0670428 
0.032425 -0.0670565 
0.03245 -0.0670701 
0.032475 -0.0670835 
0.0325 -0.0670968 
0.032525 -0.06711 
0.03255 -0.0671231 
0.032575 -0.0671361 
0.0326 -0.0671489 
0.032625 -0.0671616 
0.03265 -0.0671743 
0.032675 -0.0671868 
0.0327 -0.0671991 
0.032725 -0.0672113 
0.03275 -0.0672235 
0.032775 -0.0672355 
0.0328 -0.0672473 
0.032825 -0.0672591 
0.03285 -0.0672708 
0.032875 -0.0672823 
0.0329 -0.0672937 
0.032925 -0.067305 
0.03295 -0.0673162 
0.032975 -0.0673273 
0.033 -0.0673382 
0.033025 -0.067349 
0.03305 -0.0673597 
0.033075 -0.0673704 
0.0331 -0.0673809 
0.033125 -0.0673913 
0.03315 -0.0674015 
0.033175 -0.0674116 
0.0332 -0.0674217 
0.033225 -0.0674317 
0.03325 -0.0674415 
0.033275 -0.0674511 
0.0333 -0.0674607 
0.033325 -0.0674703 
0.03335 -0.0674796 
0.033375 -0.0674889 
0.0334 -0.067498 
0.033425 -0.0675071 
0.03345 -0.067516 
0.033475 -0.0675249 
0.0335 -0.0675336 
0.033525 -0.0675422 
0.03355 -0.0675507 
0.033575 -0.0675591 
0.0336 -0.0675674 
0.033625 -0.0675756 
0.03365 -0.0675837 
0.033675 -0.0675917 
0.0337 -0.0675995 
0.033725 -0.0676072 
0.03375 -0.0676149 
0.033775 -0.0676226 
0.0338 -0.06763 
0.033825 -0.0676374 
0.03385 -0.0676446 
0.033875 -0.0676517 
0.0339 -0.0676588 
0.033925 -0.0676657 
0.03395 -0.0676726 
0.033975 -0.0676794 
0.034 -0.067686 
0.034025 -0.0676925 
0.03405 -0.0676989 
0.034075 -0.0677052 
0.0341 -0.0677115 
0.034125 -0.0677177 
0.03415 -0.0677238 
0.034175 -0.0677297 
0.0342 -0.0677356 
0.034225 -0.0677413 
0.03425 -0.0677469 
0.034275 -0.0677524 
0.0343 -0.0677578 
0.034325 -0.0677632 
0.03435 -0.0677686 
0.034375 -0.0677738 
0.0344 -0.0677789 
0.034425 -0.0677839 
0.03445 -0.0677888 
0.034475 -0.0677935 
0.0345 -0.0677981 
0.034525 -0.0678027 
0.03455 -0.0678072 
0.034575 -0.0678116 
0.0346 -0.067816 
0.034625 -0.0678203 
0.03465 -0.0678244 
0.034675 -0.0678285 
0.0347 -0.0678325 
0.034725 -0.0678364 
0.03475 -0.0678401 
0.034775 -0.0678438 
0.0348 -0.0678473 
0.034825 -0.0678507 
0.03485 -0.0678542 
0.034875 -0.0678575 
0.0349 -0.0678608 
0.034925 -0.067864 
0.03495 -0.0678671 
0.034975 -0.0678701 
0.035 -0.067873 
0.035025 -0.0678758 
0.03505 -0.0678785 
0.035075 -0.0678811 
0.0351 -0.0678837 
0.035125 -0.0678861 
0.03515 -0.0678884 
0.035175 -0.0678907 
0.0352 -0.0678928 
0.035225 -0.0678948 
0.03525 -0.0678968 
0.035275 -0.0678986 
0.0353 -0.0679004 
0.035325 -0.0679021 
0.03535 -0.0679039 
0.035375 -0.0679056 
0.0354 -0.0679072 
0.035425 -0.0679088 
0.03545 -0.0679102 
0.035475 -0.0679116 
0.0355 -0.0679129 
0.035525 -0.0679141 
0.03555 -0.0679151 
0.035575 -0.0679161 
0.0356 -0.067917 
0.035625 -0.0679178 
0.03565 -0.0679185 
0.035675 -0.0679191 
0.0357 -0.0679196 
0.035725 -0.0679201 
0.03575 -0.0679204 
0.035775 -0.0679207 
0.0358 -0.0679209 
0.035825 -0.0679211 
0.03585 -0.0679212 
0.035875 -0.0679212 
0.0359 -0.0679211 
0.035925 -0.0679209 
0.03595 -0.0679207 
0.035975 -0.0679204 
0.036 -0.0679201 
0.036025 -0.0679197 
0.03605 -0.0679191 
0.036075 -0.0679186 
0.0361 -0.0679179 
0.036125 -0.0679172 
0.03615 -0.0679164 
0.036175 -0.0679155 
0.0362 -0.0679146 
0.036225 -0.0679136 
0.03625 -0.0679125 
0.036275 -0.0679114 
0.0363 -0.0679102 
0.036325 -0.0679089 
0.03635 -0.0679075 
0.036375 -0.0679061 
0.0364 -0.0679046 
0.036425 -0.067903 
0.03645 -0.0679014 
0.036475 -0.0678997 
0.0365 -0.0678979 
0.036525 -0.0678959 
0.03655 -0.0678939 
0.036575 -0.0678917 
0.0366 -0.0678895 
0.036625 -0.0678872 
0.03665 -0.0678849 
0.036675 -0.0678825 
0.0367 -0.0678801 
0.036725 -0.0678776 
0.03675 -0.067875 
0.036775 -0.0678724 
0.0368 -0.0678697 
0.036825 -0.067867 
0.03685 -0.0678642 
0.036875 -0.0678613 
0.0369 -0.0678584 
0.036925 -0.0678554 
0.03695 -0.0678523 
0.036975 -0.0678492 
0.037 -0.067846 
0.037025 -0.0678426 
0.03705 -0.0678391 
0.037075 -0.0678356 
0.0371 -0.067832 
0.037125 -0.0678284 
0.03715 -0.0678248 
0.037175 -0.0678211 
0.0372 -0.0678173 
0.037225 -0.0678135 
0.03725 -0.0678097 
0.037275 -0.0678058 
0.0373 -0.0678019 
0.037325 -0.0677978 
0.03735 -0.0677937 
0.037375 -0.0677894 
0.0374 -0.0677851 
0.037425 -0.0677808 
0.03745 -0.0677763 
0.037475 -0.0677719 
0.0375 -0.0677674 
0.037525 -0.0677629 
0.03755 -0.0677583 
0.037575 -0.0677537 
0.0376 -0.067749 
0.037625 -0.0677442 
0.03765 -0.0677393 
0.037675 -0.0677343 
0.0377 -0.0677293 
0.037725 -0.0677242 
0.03775 -0.0677191 
0.037775 -0.067714 
0.0378 -0.0677088 
0.037825 -0.0677035 
0.03785 -0.0676983 
0.037875 -0.0676928 
0.0379 -0.0676874 
0.037925 -0.0676818 
0.03795 -0.0676762 
0.037975 -0.0676706 
0.038 -0.0676649 
0.038025 -0.0676592 
0.03805 -0.0676534 
0.038075 -0.0676476 
0.0381 -0.0676417 
0.038125 -0.0676356 
0.03815 -0.0676296 
0.038175 -0.0676235 
0.0382 -0.0676174 
0.038225 -0.0676112 
0.03825 -0.0676049 
0.038275 -0.0675987 
0.0383 -0.0675923 
0.038325 -0.0675859 
0.03835 -0.0675794 
0.038375 -0.0675728 
0.0384 -0.0675662 
0.038425 -0.0675596 
0.03845 -0.067553 
0.038475 -0.0675463 
0.0385 -0.0675395 
0.038525 -0.0675326 
0.03855 -0.0675256 
0.038575 -0.0675187 
0.0386 -0.0675117 
0.038625 -0.0675047 
0.03865 -0.0674976 
0.038675 -0.0674904 
0.0387 -0.0674832 
0.038725 -0.0674759 
0.03875 -0.0674685 
0.038775 -0.0674612 
0.0388 -0.0674538 
0.038825 -0.0674464 
0.03885 -0.0674388 
0.038875 -0.0674312 
0.0389 -0.0674236 
0.038925 -0.0674159 
0.03895 -0.0674082 
0.038975 -0.0674005 
0.039 -0.0673926 
0.039025 -0.0673847 
0.03905 -0.0673768 
0.039075 -0.0673688 
0.0391 -0.0673608 
0.039125 -0.0673527 
0.03915 -0.0673446 
0.039175 -0.0673364 
0.0392 -0.0673282 
0.039225 -0.0673199 
0.03925 -0.0673116 
0.039275 -0.0673032 
0.0393 -0.0672949 
0.039325 -0.0672864 
0.03935 -0.0672778 
0.039375 -0.0672693 
0.0394 -0.0672607 
0.039425 -0.067252 
0.03945 -0.0672434 
0.039475 -0.0672346 
0.0395 -0.0672258 
0.039525 -0.0672169 
0.03955 -0.067208 
0.039575 -0.0671991 
0.0396 -0.0671902 
0.039625 -0.0671811 
0.03965 -0.067172 
0.039675 -0.0671629 
0.0397 -0.0671538 
0.039725 -0.0671446 
0.03975 -0.0671353 
0.039775 -0.067126 
0.0398 -0.0671166 
0.039825 -0.0671072 
0.03985 -0.0670979 
0.039875 -0.0670884 
0.0399 -0.0670788 
0.039925 -0.0670692 
0.03995 -0.0670596 
0.039975 -0.06705 
0.04 -0.0670403 
0.040025 -0.0670305 
0.04005 -0.0670207 
0.040075 -0.0670109 
0.0401 -0.067001 
0.040125 -0.0669911 
0.04015 -0.0669811 
0.040175 -0.0669711 
0.0402 -0.066961 
0.040225 -0.066951 
0.04025 -0.0669409 
0.040275 -0.0669307 
0.0403 -0.0669204 
0.040325 -0.0669101 
0.04035 -0.0668999 
0.040375 -0.0668895 
0.0404 -0.0668791 
0.040425 -0.0668687 
0.04045 -0.0668582 
0.040475 -0.0668477 
0.0405 -0.0668372 
0.040525 -0.0668265 
0.04055 -0.0668159 
0.040575 -0.0668052 
0.0406 -0.0667945 
0.040625 -0.0667837 
0.04065 -0.0667729 
0.040675 -0.066762 
0.0407 -0.0667512 
0.040725 -0.0667403 
0.04075 -0.0667293 
0.040775 -0.0667183 
0.0408 -0.0667072 
0.040825 -0.0666962 
0.04085 -0.066685 
0.040875 -0.0666738 
0.0409 -0.0666626 
0.040925 -0.0666514 
0.04095 -0.0666401 
0.040975 -0.0666288 
0.041 -0.0666174 
0.041025 -0.066606 
0.04105 -0.0665946 
0.041075 -0.0665831 
0.0411 -0.0665716 
0.041125 -0.06656 
0.04115 -0.0665484 
0.041175 -0.0665368 
0.0412 -0.0665251 
0.041225 -0.0665133 
0.04125 -0.0665016 
0.041275 -0.0664898 
0.0413 -0.066478 
0.041325 -0.0664661 
0.04135 -0.0664542 
0.041375 -0.0664423 
0.0414 -0.0664303 
0.041425 -0.0664182 
0.04145 -0.0664062 
0.041475 -0.0663941 
0.0415 -0.0663819 
0.041525 -0.0663698 
0.04155 -0.0663575 
0.041575 -0.0663453 
0.0416 -0.066333 
0.041625 -0.0663207 
0.04165 -0.0663083 
0.041675 -0.066296 
0.0417 -0.0662835 
0.041725 -0.066271 
0.04175 -0.0662585 
0.041775 -0.066246 
0.0418 -0.0662334 
0.041825 -0.0662207 
0.04185 -0.0662081 
0.041875 -0.0661954 
0.0419 -0.0661826 
0.041925 -0.0661699 
0.04195 -0.0661571 
0.041975 -0.0661442 
0.042 -0.0661313 
0.042025 -0.0661184 
0.04205 -0.0661055 
0.042075 -0.0660925 
0.0421 -0.0660795 
0.042125 -0.0660664 
0.04215 -0.0660533 
0.042175 -0.0660402 
0.0422 -0.066027 
0.042225 -0.0660138 
0.04225 -0.0660006 
0.042275 -0.0659873 
0.0423 -0.065974 
0.042325 -0.0659606 
0.04235 -0.0659472 
0.042375 -0.0659338 
0.0424 -0.0659203 
0.042425 -0.0659068 
0.04245 -0.0658933 
0.042475 -0.0658798 
0.0425 -0.0658661 
0.042525 -0.0658525 
0.04255 -0.0658389 
0.042575 -0.0658251 
0.0426 -0.0658114 
0.042625 -0.0657976 
0.04265 -0.0657838 
0.042675 -0.0657699 
0.0427 -0.0657561 
0.042725 -0.0657422 
0.04275 -0.0657282 
0.042775 -0.0657142 
0.0428 -0.0657002 
0.042825 -0.0656861 
0.04285 -0.065672 
0.042875 -0.0656579 
0.0429 -0.0656437 
0.042925 -0.0656295 
0.04295 -0.0656153 
0.042975 -0.065601 
0.043 -0.0655867 
0.043025 -0.0655723 
0.04305 -0.0655579 
0.043075 -0.0655435 
0.0431 -0.0655291 
0.043125 -0.0655145 
0.04315 -0.0655001 
0.043175 -0.0654855 
0.0432 -0.0654709 
0.043225 -0.0654563 
0.04325 -0.0654416 
0.043275 -0.0654269 
0.0433 -0.0654122 
0.043325 -0.0653974 
0.04335 -0.0653826 
0.043375 -0.0653677 
0.0434 -0.0653529 
0.043425 -0.065338 
0.04345 -0.065323 
0.043475 -0.065308 
0.0435 -0.065293 
0.043525 -0.0652779 
0.04355 -0.0652628 
0.043575 -0.0652477 
0.0436 -0.0652325 
0.043625 -0.0652173 
0.04365 -0.0652021 
0.043675 -0.0651868 
0.0437 -0.0651715 
0.043725 -0.0651562 
0.04375 -0.0651408 
0.043775 -0.0651254 
0.0438 -0.0651099 
0.043825 -0.0650945 
0.04385 -0.0650789 
0.043875 -0.0650633 
0.0439 -0.0650478 
0.043925 -0.0650321 
0.04395 -0.0650164 
0.043975 -0.0650007 
0.044 -0.064985 
0.044025 -0.0649692 
0.04405 -0.0649534 
0.044075 -0.0649375 
0.0441 -0.0649216 
0.044125 -0.0649057 
0.04415 -0.0648897 
0.044175 -0.0648737 
0.0442 -0.0648576 
0.044225 -0.0648416 
0.04425 -0.0648254 
0.044275 -0.0648092 
0.0443 -0.0647931 
0.044325 -0.0647768 
0.04435 -0.0647605 
0.044375 -0.0647442 
0.0444 -0.0647278 
0.044425 -0.0647114 
0.04445 -0.064695 
0.044475 -0.0646785 
0.0445 -0.064662 
0.044525 -0.0646455 
0.04455 -0.0646289 
0.044575 -0.0646122 
0.0446 -0.0645956 
0.044625 -0.0645789 
0.04465 -0.0645621 
0.044675 -0.0645454 
0.0447 -0.0645285 
0.044725 -0.0645116 
0.04475 -0.0644948 
0.044775 -0.0644778 
0.0448 -0.0644608 
0.044825 -0.0644438 
0.04485 -0.0644267 
0.044875 -0.0644095 
0.0449 -0.0643924 
0.044925 -0.0643752 
0.04495 -0.0643579 
0.044975 -0.0643407 
0.045 -0.0643233 
0.045025 -0.064306 
0.04505 -0.0642886 
0.045075 -0.0642711 
0.0451 -0.0642536 
0.045125 -0.0642361 
0.04515 -0.0642185 
0.045175 -0.0642009 
0.0452 -0.0641832 
0.045225 -0.0641655 
0.04525 -0.0641478 
0.045275 -0.0641299 
0.0453 -0.0641121 
0.045325 -0.0640942 
0.04535 -0.0640762 
0.045375 -0.0640582 
0.0454 -0.0640402 
0.045425 -0.0640221 
0.04545 -0.064004 
0.045475 -0.0639858 
0.0455 -0.0639676 
0.045525 -0.0639493 
0.04555 -0.063931 
0.045575 -0.0639126 
0.0456 -0.0638942 
0.045625 -0.0638757 
0.04565 -0.0638572 
0.045675 -0.0638387 
0.0457 -0.06382 
0.045725 -0.0638014 
0.04575 -0.0637827 
0.045775 -0.0637639 
0.0458 -0.0637451 
0.045825 -0.0637262 
0.04585 -0.0637073 
0.045875 -0.0636883 
0.0459 -0.0636693 
0.045925 -0.0636502 
0.04595 -0.0636311 
0.045975 -0.0636119 
0.046 -0.0635927 
0.046025 -0.0635734 
0.04605 -0.063554 
0.046075 -0.0635347 
0.0461 -0.0635152 
0.046125 -0.0634957 
0.04615 -0.0634761 
0.046175 -0.0634565 
0.0462 -0.0634368 
0.046225 -0.063417 
0.04625 -0.0633972 
0.046275 -0.0633773 
0.0463 -0.0633574 
0.046325 -0.0633374 
0.04635 -0.0633173 
0.046375 -0.0632972 
0.0464 -0.063277 
0.046425 -0.0632568 
0.04645 -0.0632365 
0.046475 -0.0632161 
0.0465 -0.0631957 
0.046525 -0.0631752 
0.04655 -0.0631546 
0.046575 -0.063134 
0.0466 -0.0631133 
0.046625 -0.0630926 
0.04665 -0.0630717 
0.046675 -0.0630508 
0.0467 -0.0630298 
0.046725 -0.0630088 
0.04675 -0.0629877 
0.046775 -0.0629665 
0.0468 -0.0629453 
0.046825 -0.0629239 
0.04685 -0.0629025 
0.046875 -0.062881 
0.0469 -0.0628595 
0.046925 -0.0628379 
0.04695 -0.0628161 
0.046975 -0.0627944 
0.047 -0.0627725 
0.047025 -0.0627505 
0.04705 -0.0627285 
0.047075 -0.0627064 
0.0471 -0.0626842 
0.047125 -0.0626619 
0.04715 -0.0626395 
0.047175 -0.062617 
0.0472 -0.0625945 
0.047225 -0.0625718 
0.04725 -0.0625491 
0.047275 -0.0625263 
0.0473 -0.0625034 
0.047325 -0.0624804 
0.04735 -0.0624573 
0.047375 -0.0624341 
0.0474 -0.0624108 
0.047425 -0.0623874 
0.04745 -0.0623639 
0.047475 -0.0623404 
0.0475 -0.0623166 
0.047525 -0.0622928 
0.04755 -0.0622689 
0.047575 -0.0622449 
0.0476 -0.0622208 
0.047625 -0.0621965 
0.04765 -0.0621722 
0.047675 -0.0621478 
0.0477 -0.0621232 
0.047725 -0.0620985 
0.04775 -0.0620737 
0.047775 -0.0620488 
0.0478 -0.0620238 
0.047825 -0.0619987 
0.04785 -0.0619734 
0.047875 -0.061948 
0.0479 -0.0619224 
0.047925 -0.0618968 
0.04795 -0.0618709 
0.047975 -0.061845 
0.048 -0.0618189 
0.048025 -0.0617928 
0.04805 -0.0617664 
0.048075 -0.0617399 
0.0481 -0.0617133 
0.048125 -0.0616865 
0.04815 -0.0616595 
0.048175 -0.0616325 
0.0482 -0.0616052 
0.048225 -0.0615778 
0.04825 -0.0615502 
0.048275 -0.0615225 
0.0483 -0.0614946 
0.048325 -0.0614665 
0.04835 -0.0614383 
0.048375 -0.0614098 
0.0484 -0.0613812 
0.048425 -0.0613524 
0.04845 -0.0613235 
0.048475 -0.0612943 
0.0485 -0.0612649 
0.048525 -0.0612354 
0.04855 -0.0612057 
0.048575 -0.0611757 
0.0486 -0.0611456 
0.048625 -0.0611152 
0.04865 -0.0610846 
0.048675 -0.0610537 
0.0487 -0.0610227 
0.048725 -0.0609914 
0.04875 -0.0609599 
0.048775 -0.0609282 
0.0488 -0.0608962 
0.048825 -0.0608639 
0.04885 -0.0608314 
0.048875 -0.0607987 
0.0489 -0.0607656 
0.048925 -0.0607323 
0.04895 -0.0606987 
0.048975 -0.0606648 
0.049 -0.0606306 
0.049025 -0.0605962 
0.04905 -0.0605614 
0.049075 -0.0605263 
0.0491 -0.0604908 
0.049125 -0.0604551 
0.04915 -0.060419 
0.049175 -0.0603825 
0.0492 -0.0603457 
0.049225 -0.0603085 
0.04925 -0.060271 
0.049275 -0.060233 
0.0493 -0.0601947 
0.049325 -0.0601559 
0.04935 -0.0601168 
0.049375 -0.0600772 
0.0494 -0.0600372 
0.049425 -0.0599967 
0.04945 -0.0599557 
0.049475 -0.0599143 
0.0495 -0.0598724 
0.049525 -0.0598299 
0.04955 -0.059787 
0.049575 -0.0597434 
0.0496 -0.0596993 
0.049625 -0.0596546 
0.04965 -0.0596094 
0.049675 -0.0595635 
0.0497 -0.059517 
0.049725 -0.0594698 
0.04975 -0.0594219 
0.049775 -0.0593734 
0.0498 -0.0593241 
0.049825 -0.059274 
0.04985 -0.0592231 
0.049875 -0.0591715 
0.0499 -0.059119 
0.049925 -0.0590656 
0.04995 -0.0590112 
0.049975 -0.058956 
0.05 -0.0588998 
0.050025 -0.0588425 
0.05005 -0.0587841 
0.050075 -0.0587246 
0.0501 -0.058664 
0.050125 -0.0586021 
0.05015 -0.0585389 
0.050175 -0.0584744 
0.0502 -0.0584085 
0.050225 -0.0583411 
0.05025 -0.0582721 
0.050275 -0.0582015 
0.0503 -0.0581292 
0.050325 -0.058055 
0.05035 -0.0579789 
0.050375 -0.0579008 
0.0504 -0.0578206 
0.050425 -0.0577381 
0.05045 -0.0576531 
0.050475 -0.0575656 
0.0505 -0.0574753 
0.050525 -0.057382 
0.05055 -0.0572856 
0.050575 -0.0571857 
0.0506 -0.0570822 
0.050625 -0.0569747 
0.05065 -0.0568629 
0.050675 -0.0567465 
0.0507 -0.0566249 
0.050725 -0.0564977 
0.05075 -0.0563642 
0.050775 -0.0562241 
0.0508 -0.0560765 
0.050825 -0.0559203 
0.05085 -0.0557546 
0.050875 -0.0555782 
0.0509 -0.0553893 
0.050925 -0.0551858 
0.05095 -0.0549653 
0.050975 -0.0547246 
0.051 -0.054459 
0.051025 -0.0541631 
0.05105 -0.0538282 
0.051075 -0.0534414 
0.0511 -0.0529823 
0.051125 -0.052415 
0.05115 -0.0516677 
0.051175 -0.0505676 
0.0512 -0.0486701 
0.051225 -0.045789 
0.05125 -0.0427067 
0.051275 -0.039309 
0.0513 -0.035057 
0.051325 -0.0291553 
0.05135 -0.0204431 
0.051375 -0.00747128 
0.0514 0.0109299 
0.051425 0.0265866 
0.05145 0.0325351 
0.051475 0.0342873 
0.0515 0.0346943 
0.051525 0.0346326 
0.05155 0.0343982 
0.051575 0.0340496 
0.0516 0.0335898 
0.051625 0.0330378 
0.05165 0.0324207 
0.051675 0.0317604 
0.0517 0.0310719 
0.051725 0.030365 
0.05175 0.0296456 
0.051775 0.0289167 
0.0518 0.0281797 
0.051825 0.0274346 
0.05185 0.0266817 
0.051875 0.0259213 
0.0519 0.0251549 
0.051925 0.0243842 
0.05195 0.0236113 
0.051975 0.0228384 
0.052 0.0220674 
0.052025 0.0212997 
0.05205 0.0205366 
0.052075 0.0197788 
0.0521 0.0190271 
0.052125 0.0182819 
0.05215 0.0175435 
0.052175 0.0168122 
0.0522 0.0160883 
0.052225 0.0153721 
0.05225 0.0146635 
0.052275 0.0139626 
0.0523 0.0132692 
0.052325 0.0125834 
0.05235 0.0119047 
0.052375 0.011233 
0.0524 0.0105677 
0.052425 0.00990882 
0.05245 0.00925557 
0.052475 0.00860764 
0.0525 0.00796431 
0.052525 0.00732513 
0.05255 0.00668927 
0.052575 0.00605601 
0.0526 0.00542469 
0.052625 0.00479413 
0.05265 0.00416352 
0.052675 0.00353182 
0.0527 0.00289792 
0.052725 0.00226091 
0.05275 0.00162018 
0.052775 0.000975467 
0.0528 0.000327264 
0.052825 -0.000323444 
0.05285 -0.000974774 
0.052875 -0.00162437 
0.0529 -0.00226964 
0.052925 -0.0029077 
0.05295 -0.00353592 
0.052975 -0.00415215 
0.053 -0.00475522 
0.053025 -0.00534407 
0.05305 -0.00591823 
0.053075 -0.00647763 
0.0531 -0.00702279 
0.053125 -0.00755412 
0.05315 -0.00807324 
0.053175 -0.00857973 
0.0532 -0.00907439 
0.053225 -0.00955909 
0.05325 -0.0100344 
0.053275 -0.0105 
0.0533 -0.0109574 
0.053325 -0.011407 
0.05335 -0.0118494 
0.053375 -0.0122849 
0.0534 -0.0127143 
0.053425 -0.0131379 
0.05345 -0.013556 
0.053475 -0.013969 
0.0535 -0.0143773 
0.053525 -0.0147807 
0.05355 -0.0151801 
0.053575 -0.0155748 
0.0536 -0.0159654 
0.053625 -0.0163518 
0.05365 -0.0167344 
0.053675 -0.0171129 
0.0537 -0.0174878 
0.053725 -0.0178589 
0.05375 -0.018226 
0.053775 -0.0185892 
0.0538 -0.0189487 
0.053825 -0.0193042 
0.05385 -0.0196561 
0.053875 -0.0200041 
0.0539 -0.0203482 
0.053925 -0.0206883 
0.05395 -0.0210244 
0.053975 -0.0213564 
0.054 -0.0216844 
0.054025 -0.022008 
0.05405 -0.0223275 
0.054075 -0.0226427 
0.0541 -0.0229535 
0.054125 -0.0232601 
0.05415 -0.0235625 
0.054175 -0.0238608 
0.0542 -0.0241548 
0.054225 -0.0244447 
0.05425 -0.0247306 
0.054275 -0.0250124 
0.0543 -0.0252902 
0.054325 -0.0255641 
0.05435 -0.025834 
0.054375 -0.0261 
0.0544 -0.0263623 
0.054425 -0.0266209 
0.05445 -0.0268755 
0.054475 -0.0271272 
0.0545 -0.0273757 
0.054525 -0.0276204 
0.05455 -0.0278611 
0.054575 -0.0280987 
0.0546 -0.0283327 
0.054625 -0.0285633 
0.05465 -0.0287906 
0.054675 -0.0290144 
0.0547 -0.0292348 
0.054725 -0.0294519 
0.05475 -0.0296658 
0.054775 -0.0298764 
0.0548 -0.0300836 
0.054825 -0.0302877 
0.05485 -0.0304884 
0.054875 -0.0306859 
0.0549 -0.0308804 
0.054925 -0.0310718 
0.05495 -0.0312602 
0.054975 -0.0314458 
0.055 -0.0316285 
0.055025 -0.0318083 
0.05505 -0.0319854 
0.055075 -0.0321597 
0.0551 -0.0323312 
0.055125 -0.0324997 
0.05515 -0.0326653 
0.055175 -0.0328284 
0.0552 -0.032989 
0.055225 -0.0331471 
0.05525 -0.0333027 
0.055275 -0.0334557 
0.0553 -0.0336064 
0.055325 -0.0337546 
0.05535 -0.0339003 
0.055375 -0.0340436 
0.0554 -0.0341845 
0.055425 -0.0343228 
0.05545 -0.0344587 
0.055475 -0.0345921 
0.0555 -0.0347231 
0.055525 -0.0348515 
0.05555 -0.0349776 
0.055575 -0.0351013 
0.0556 -0.0352225 
0.055625 -0.035341 
0.05565 -0.0354569 
0.055675 -0.0355701 
0.0557 -0.0356808 
0.055725 -0.0357887 
0.05575 -0.0358938 
0.055775 -0.0359961 
0.0558 -0.0360955 
0.055825 -0.0361918 
0.05585 -0.0362851 
0.055875 -0.0363749 
0.0559 -0.0364613 
0.055925 -0.0365441 
0.05595 -0.0366229 
0.055975 -0.0366975 
0.056 -0.0367675 
0.056025 -0.0368326 
0.05605 -0.0368924 
0.056075 -0.036946 
0.0561 -0.0369927 
0.056125 -0.0370317 
0.05615 -0.0370613 
0.056175 -0.0370805 
0.0562 -0.0370865 
0.056225 -0.0370763 
0.05625 -0.0370464 
0.056275 -0.0369903 
0.0563 -0.0368987 
0.056325 -0.0367563 
0.05635 -0.0365368 
0.056375 -0.0361884 
0.0564 -0.0356013 
0.056425 -0.0345941 
0.05645 -0.0331767 
0.056475 -0.0316868 
0.0565 -0.0303203 
0.056525 -0.029058 
0.05655 -0.0278516 
0.056575 -0.0266708 
0.0566 -0.0255 
0.056625 -0.0243318 
0.05665 -0.0231641 
0.056675 -0.0219984 
0.0567 -0.0208401 
0.056725 -0.0196993 
0.05675 -0.018587 
0.056775 -0.0175145 
0.0568 -0.0164937 
0.056825 -0.0155359 
0.05685 -0.0146542 
0.056875 -0.0138587 
0.0569 -0.0131578 
0.056925 -0.0125574 
0.05695 -0.0120603 
0.056975 -0.0116678 
0.057 -0.0113779 
0.057025 -0.0111863 
0.05705 -0.0110869 
0.057075 -0.0110731 
0.0571 -0.0111381 
0.057125 -0.0112745 
0.05715 -0.0114756 
0.057175 -0.0117345 
0.0572 -0.0120455 
0.057225 -0.0124027 
0.05725 -0.0128018 
0.057275 -0.0132385 
0.0573 -0.0137091 
0.057325 -0.0142118 
0.05735 -0.014743 
0.057375 -0.0153004 
0.0574 -0.0158832 
0.057425 -0.0164905 
0.05745 -0.0171217 
0.057475 -0.0177766 
0.0575 -0.0184553 
0.057525 -0.0191587 
0.05755 -0.0198883 
0.057575 -0.0206452 
0.0576 -0.0214318 
0.057625 -0.0222506 
0.05765 -0.0231043 
0.057675 -0.0239957 
0.0577 -0.0249274 
0.057725 -0.0259023 
0.05775 -0.0269217 
0.057775 -0.0279827 
0.0578 -0.0290804 
0.057825 -0.0302069 
0.05785 -0.0313509 
0.057875 -0.0324992 
0.0579 -0.0336378 
0.057925 -0.0347548 
0.05795 -0.0358401 
0.057975 -0.0368861 
0.058 -0.0378871 
0.058025 -0.03884 
0.05805 -0.0397431 
0.058075 -0.0405957 
0.0581 -0.041398 
0.058125 -0.0421509 
0.05815 -0.0428558 
0.058175 -0.0435143 
0.0582 -0.0441285 
0.058225 -0.0447004 
0.05825 -0.0452323 
0.058275 -0.0457264 
0.0583 -0.0461851 
0.058325 -0.0466106 
0.05835 -0.0470053 
0.058375 -0.0473714 
0.0584 -0.0477111 
0.058425 -0.0480264 
0.05845 -0.0483193 
0.058475 -0.0485916 
0.0585 -0.048845 
0.058525 -0.049081 
0.05855 -0.0493012 
0.058575 -0.0495068 
0.0586 -0.0496989 
0.058625 -0.0498786 
0.05865 -0.0500469 
0.058675 -0.0502047 
0.0587 -0.0503529 
0.058725 -0.0504921 
0.05875 -0.050623 
0.058775 -0.0507463 
0.0588 -0.0508624 
0.058825 -0.0509721 
0.05885 -0.0510757 
0.058875 -0.0511737 
0.0589 -0.0512664 
0.058925 -0.0513543 
0.05895 -0.0514377 
0.058975 -0.0515169 
0.059 -0.0515922 
0.059025 -0.0516638 
0.05905 -0.0517321 
0.059075 -0.0517972 
0.0591 -0.0518593 
0.059125 -0.0519187 
0.05915 -0.0519755 
0.059175 -0.0520299 
0.0592 -0.052082 
0.059225 -0.052132 
0.05925 -0.0521799 
0.059275 -0.052226 
0.0593 -0.0522704 
0.059325 -0.052313 
0.05935 -0.0523541 
0.059375 -0.0523938 
0.0594 -0.052432 
0.059425 -0.052469 
0.05945 -0.0525047 
0.059475 -0.0525392 
0.0595 -0.0525726 
0.059525 -0.052605 
0.05955 -0.0526364 
0.059575 -0.0526668 
0.0596 -0.0526963 
0.059625 -0.0527251 
0.05965 -0.052753 
0.059675 -0.0527802 
0.0597 -0.0528067 
0.059725 -0.0528325 
0.05975 -0.0528576 
0.059775 -0.0528822 
0.0598 -0.0529062 
0.059825 -0.0529297 
0.05985 -0.0529526 
0.059875 -0.0529751 
0.0599 -0.0529971 
0.059925 -0.0530186 
0.05995 -0.0530397 
0.059975 -0.0530603 
0.06 -0.0530807 
0.060025 -0.0531005 
0.06005 -0.0531201 
0.060075 -0.0531394 
0.0601 -0.0531583 
0.060125 -0.0531771 
0.06015 -0.0531956 
0.060175 -0.0532138 
0.0602 -0.0532319 
0.060225 -0.0532497 
0.06025 -0.0532672 
0.060275 -0.0532846 
0.0603 -0.0533017 
0.060325 -0.0533187 
0.06035 -0.0533356 
0.060375 -0.0533521 
0.0604 -0.0533687 
0.060425 -0.0533851 
0.06045 -0.0534012 
0.060475 -0.0534173 
0.0605 -0.0534333 
0.060525 -0.053449 
0.06055 -0.0534648 
0.060575 -0.0534805 
0.0606 -0.0534961 
0.060625 -0.0535115 
0.06065 -0.053527 
0.060675 -0.0535424 
0.0607 -0.0535576 
0.060725 -0.0535729 
0.06075 -0.0535882 
0.060775 -0.0536032 
0.0608 -0.0536185 
0.060825 -0.0536339 
0.06085 -0.0536491 
0.060875 -0.0536644 
0.0609 -0.0536798 
0.060925 -0.0536951 
0.06095 -0.0537103 
0.060975 -0.0537257 
0.061 -0.053741 
0.061025 -0.0537562 
0.06105 -0.0537717 
0.061075 -0.0537871 
0.0611 -0.0538024 
0.061125 -0.0538178 
0.06115 -0.0538334 
0.061175 -0.0538487 
0.0612 -0.0538643 
0.061225 -0.0538801 
0.06125 -0.0538958 
0.061275 -0.0539116 
0.0613 -0.0539276 
0.061325 -0.0539436 
0.06135 -0.0539595 
0.061375 -0.0539757 
0.0614 -0.0539919 
0.061425 -0.0540079 
0.06145 -0.0540243 
0.061475 -0.0540408 
0.0615 -0.0540573 
0.061525 -0.0540742 
0.06155 -0.054091 
0.061575 -0.0541078 
0.0616 -0.0541249 
0.061625 -0.054142 
0.06165 -0.0541591 
0.061675 -0.0541766 
0.0617 -0.0541941 
0.061725 -0.0542117 
0.06175 -0.0542296 
0.061775 -0.0542474 
0.0618 -0.0542654 
0.061825 -0.0542836 
0.06185 -0.0543019 
0.061875 -0.0543205 
0.0619 -0.0543392 
0.061925 -0.0543579 
0.06195 -0.0543769 
0.061975 -0.0543961 
0.062 -0.0544153 
0.062025 -0.0544348 
0.06205 -0.0544543 
0.062075 -0.0544741 
0.0621 -0.0544942 
0.062125 -0.0545143 
0.06215 -0.0545347 
0.062175 -0.0545551 
0.0622 -0.0545759 
0.062225 -0.0545968 
0.06225 -0.0546179 
0.062275 -0.0546392 
0.0623 -0.0546606 
0.062325 -0.0546824 
0.06235 -0.0547042 
0.062375 -0.0547264 
0.0624 -0.0547487 
0.062425 -0.0547713 
0.06245 -0.0547941 
0.062475 -0.0548171 
0.0625 -0.0548404 
0.062525 -0.0548638 
0.06255 -0.0548876 
0.062575 -0.0549114 
0.0626 -0.0549357 
0.062625 -0.0549601 
0.06265 -0.0549849 
0.062675 -0.0550097 
0.0627 -0.055035 
0.062725 -0.0550605 
0.06275 -0.0550863 
0.062775 -0.0551122 
0.0628 -0.0551386 
0.062825 -0.0551651 
0.06285 -0.055192 
0.062875 -0.0552191 
0.0629 -0.0552465 
0.062925 -0.0552742 
0.06295 -0.0553021 
0.062975 -0.0553305 
0.063 -0.0553591 
0.063025 -0.0553881 
0.06305 -0.0554173 
0.063075 -0.055447 
0.0631 -0.0554769 
0.063125 -0.0555071 
0.06315 -0.0555378 
0.063175 -0.0555687 
0.0632 -0.0556 
0.063225 -0.0556316 
0.06325 -0.0556635 
0.063275 -0.0556958 
0.0633 -0.0557283 
0.063325 -0.0557611 
0.06335 -0.0557944 
0.063375 -0.0558281 
0.0634 -0.055862 
0.063425 -0.0558964 
0.06345 -0.0559311 
0.063475 -0.0559662 
0.0635 -0.0560017 
0.063525 -0.0560376 
0.06355 -0.0560738 
0.063575 -0.0561104 
0.0636 -0.0561473 
0.063625 -0.0561847 
0.06365 -0.0562223 
0.063675 -0.0562603 
0.0637 -0.0562987 
0.063725 -0.0563375 
0.06375 -0.0563766 
0.063775 -0.0564162 
0.0638 -0.0564561 
0.063825 -0.0564964 
0.06385 -0.0565371 
0.063875 -0.0565781 
0.0639 -0.0566194 
0.063925 -0.0566612 
0.06395 -0.0567033 
0.063975 -0.0567457 
0.064 -0.0567885 
0.064025 -0.0568317 
0.06405 -0.0568751 
0.064075 -0.056919 
0.0641 -0.0569632 
0.064125 -0.0570077 
0.06415 -0.0570525 
0.064175 -0.0570977 
0.0642 -0.0571432 
0.064225 -0.057189 
0.06425 -0.0572351 
0.064275 -0.0572815 
0.0643 -0.0573282 
0.064325 -0.0573752 
0.06435 -0.0574224 
0.064375 -0.0574699 
0.0644 -0.0575176 
0.064425 -0.0575656 
0.06445 -0.0576138 
0.064475 -0.0576622 
0.0645 -0.0577109 
0.064525 -0.0577597 
0.06455 -0.0578087 
0.064575 -0.0578579 
0.0646 -0.0579072 
0.064625 -0.0579567 
0.06465 -0.0580064 
0.064675 -0.0580562 
0.0647 -0.0581061 
0.064725 -0.0581562 
0.06475 -0.0582063 
0.064775 -0.0582566 
0.0648 -0.0583069 
0.064825 -0.0583573 
0.06485 -0.0584077 
0.064875 -0.0584582 
0.0649 -0.0585087 
0.064925 -0.0585593 
0.06495 -0.0586098 
0.064975 -0.0586603 
0.065 -0.0587109 
0.065025 -0.0587615 
0.06505 -0.058812 
0.065075 -0.0588625 
0.0651 -0.058913 
0.065125 -0.0589634 
0.06515 -0.0590137 
0.065175 -0.059064 
0.0652 -0.0591142 
0.065225 -0.0591643 
0.06525 -0.0592143 
0.065275 -0.0592642 
0.0653 -0.059314 
0.065325 -0.0593637 
0.06535 -0.0594133 
0.065375 -0.0594628 
0.0654 -0.0595122 
0.065425 -0.0595614 
0.06545 -0.0596105 
0.065475 -0.0596595 
0.0655 -0.0597083 
0.065525 -0.0597569 
0.06555 -0.0598054 
0.065575 -0.0598538 
0.0656 -0.0599019 
0.065625 -0.0599499 
0.06565 -0.0599978 
0.065675 -0.0600454 
0.0657 -0.0600929 
0.065725 -0.0601402 
0.06575 -0.0601873 
0.065775 -0.0602342 
0.0658 -0.0602809 
0.065825 -0.0603275 
0.06585 -0.0603738 
0.065875 -0.06042 
0.0659 -0.0604659 
0.065925 -0.0605117 
0.06595 -0.0605572 
0.065975 -0.0606026 
0.066 -0.0606478 
0.066025 -0.0606927 
0.06605 -0.0607375 
0.066075 -0.060782 
0.0661 -0.0608264 
0.066125 -0.0608705 
0.06615 -0.0609144 
0.066175 -0.0609582 
0.0662 -0.0610017 
0.066225 -0.061045 
0.06625 -0.0610881 
0.066275 -0.061131 
0.0663 -0.0611737 
0.066325 -0.0612162 
0.06635 -0.0612585 
0.066375 -0.0613006 
0.0664 -0.0613425 
0.066425 -0.0613842 
0.06645 -0.0614257 
0.066475 -0.061467 
0.0665 -0.0615081 
0.066525 -0.0615489 
0.06655 -0.0615896 
0.066575 -0.06163 
0.0666 -0.0616703 
0.066625 -0.0617104 
0.06665 -0.0617502 
0.066675 -0.0617899 
0.0667 -0.0618294 
0.066725 -0.0618687 
0.06675 -0.0619077 
0.066775 -0.0619466 
0.0668 -0.0619853 
0.066825 -0.0620238 
0.06685 -0.0620621 
0.066875 -0.0621002 
0.0669 -0.0621382 
0.066925 -0.0621759 
0.06695 -0.0622134 
0.066975 -0.0622507 
0.067 -0.0622879 
0.067025 -0.0623249 
0.06705 -0.0623616 
0.067075 -0.0623982 
0.0671 -0.0624347 
0.067125 -0.0624709 
0.06715 -0.0625069 
0.067175 -0.0625428 
0.0672 -0.0625784 
0.067225 -0.0626139 
0.06725 -0.0626492 
0.067275 -0.0626844 
0.0673 -0.0627193 
0.067325 -0.0627541 
0.06735 -0.0627887 
0.067375 -0.0628232 
0.0674 -0.0628574 
0.067425 -0.0628915 
0.06745 -0.0629254 
0.067475 -0.0629592 
0.0675 -0.0629927 
0.067525 -0.0630261 
0.06755 -0.0630593 
0.067575 -0.0630924 
0.0676 -0.0631253 
0.067625 -0.063158 
0.06765 -0.0631906 
0.067675 -0.063223 
0.0677 -0.0632552 
0.067725 -0.0632873 
0.06775 -0.0633192 
0.067775 -0.0633509 
0.0678 -0.0633825 
0.067825 -0.0634139 
0.06785 -0.0634452 
0.067875 -0.0634763 
0.0679 -0.0635072 
0.067925 -0.063538 
0.06795 -0.0635686 
0.067975 -0.0635991 
0.068 -0.0636294 
0.068025 -0.0636595 
0.06805 -0.0636895 
0.068075 -0.0637193 
0.0681 -0.063749 
0.068125 -0.0637785 
0.06815 -0.0638079 
0.068175 -0.0638371 
0.0682 -0.0638661 
0.068225 -0.0638951 
0.06825 -0.0639238 
0.068275 -0.0639524 
0.0683 -0.0639809 
0.068325 -0.0640092 
0.06835 -0.0640374 
0.068375 -0.0640654 
0.0684 -0.0640932 
0.068425 -0.0641209 
0.06845 -0.0641485 
0.068475 -0.064176 
0.0685 -0.0642032 
0.068525 -0.0642304 
0.06855 -0.0642573 
0.068575 -0.0642842 
0.0686 -0.0643109 
0.068625 -0.0643375 
0.06865 -0.0643639 
0.068675 -0.0643902 
0.0687 -0.0644163 
0.068725 -0.0644423 
0.06875 -0.0644682 
0.068775 -0.0644939 
0.0688 -0.0645195 
0.068825 -0.0645449 
0.06885 -0.0645702 
0.068875 -0.0645954 
0.0689 -0.0646204 
0.068925 -0.0646453 
0.06895 -0.06467 
0.068975 -0.0646946 
0.069 -0.0647191 
0.069025 -0.0647434 
0.06905 -0.0647676 
0.069075 -0.0647917 
0.0691 -0.0648156 
0.069125 -0.0648394 
0.06915 -0.0648631 
0.069175 -0.0648866 
0.0692 -0.06491 
0.069225 -0.0649333 
0.06925 -0.0649564 
0.069275 -0.0649794 
0.0693 -0.0650023 
0.069325 -0.065025 
0.06935 -0.0650476 
0.069375 -0.0650701 
0.0694 -0.0650925 
0.069425 -0.0651147 
0.06945 -0.0651368 
0.069475 -0.0651587 
0.0695 -0.0651806 
0.069525 -0.0652023 
0.06955 -0.0652239 
0.069575 -0.0652453 
0.0696 -0.0652666 
0.069625 -0.0652878 
0.06965 -0.0653089 
0.069675 -0.0653299 
0.0697 -0.0653507 
0.069725 -0.0653714 
0.06975 -0.065392 
0.069775 -0.0654124 
0.0698 -0.0654327 
0.069825 -0.0654529 
0.06985 -0.065473 
0.069875 -0.065493 
0.0699 -0.0655128 
0.069925 -0.0655325 
0.06995 -0.0655521 
0.069975 -0.0655715 
0.07 -0.0655909 
0.070025 -0.0656101 
0.07005 -0.0656292 
0.070075 -0.0656482 
0.0701 -0.065667 
0.070125 -0.0656858 
0.07015 -0.0657043 
0.070175 -0.0657229 
0.0702 -0.0657412 
0.070225 -0.0657595 
0.07025 -0.0657776 
0.070275 -0.0657956 
0.0703 -0.0658135 
0.070325 -0.0658313 
0.07035 -0.065849 
0.070375 -0.0658665 
0.0704 -0.065884 
0.070425 -0.0659012 
0.07045 -0.0659184 
0.070475 -0.0659355 
0.0705 -0.0659525 
0.070525 -0.0659693 
0.07055 -0.0659861 
0.070575 -0.0660026 
0.0706 -0.0660191 
0.070625 -0.0660355 
0.07065 -0.0660518 
0.070675 -0.066068 
0.0707 -0.066084 
0.070725 -0.0660999 
0.07075 -0.0661157 
0.070775 -0.0661315 
0.0708 -0.066147 
0.070825 -0.0661625 
0.07085 -0.0661779 
0.070875 -0.0661931 
0.0709 -0.0662083 
0.070925 -0.0662233 
0.07095 -0.0662382 
0.070975 -0.066253 
0.071 -0.0662677 
0.071025 -0.0662823 
0.07105 -0.0662968 
0.071075 -0.0663112 
0.0711 -0.0663254 
0.071125 -0.0663396 
0.07115 -0.0663536 
0.071175 -0.0663675 
0.0712 -0.0663814 
0.071225 -0.0663951 
0.07125 -0.0664087 
0.071275 -0.0664222 
0.0713 -0.0664356 
0.071325 -0.0664489 
0.07135 -0.066462 
0.071375 -0.0664752 
0.0714 -0.0664881 
0.071425 -0.066501 
0.07145 -0.0665137 
0.071475 -0.0665264 
0.0715 -0.0665389 
0.071525 -0.0665514 
0.07155 -0.0665637 
0.071575 -0.066576 
0.0716 -0.0665881 
0.071625 -0.0666001 
0.07165 -0.066612 
0.071675 -0.0666239 
0.0717 -0.0666356 
0.071725 -0.0666472 
0.07175 -0.0666587 
0.071775 -0.0666701 
0.0718 -0.0666814 
0.071825 -0.0666926 
0.07185 -0.0667037 
0.071875 -0.0667147 
0.0719 -0.0667256 
0.071925 -0.0667364 
0.07195 -0.0667471 
0.071975 -0.0667577 
0.072 -0.0667682 
0.072025 -0.0667786 
0.07205 -0.0667889 
0.072075 -0.0667991 
0.0721 -0.0668092 
0.072125 -0.0668192 
0.07215 -0.0668292 
0.072175 -0.066839 
0.0722 -0.0668486 
0.072225 -0.0668582 
0.07225 -0.0668678 
0.072275 -0.0668773 
0.0723 -0.0668866 
0.072325 -0.0668958 
0.07235 -0.0669048 
0.072375 -0.0669139 
0.0724 -0.0669229 
0.072425 -0.0669318 
0.07245 -0.0669405 
0.072475 -0.0669491 
0.0725 -0.0669576 
0.072525 -0.0669661 
0.07255 -0.0669746 
0.072575 -0.0669829 
0.0726 -0.0669911 
0.072625 -0.0669991 
0.07265 -0.0670071 
0.072675 -0.067015 
0.0727 -0.0670229 
0.072725 -0.0670306 
0.07275 -0.0670383 
0.072775 -0.0670458 
0.0728 -0.0670532 
0.072825 -0.0670605 
0.07285 -0.0670679 
0.072875 -0.0670751 
0.0729 -0.0670822 
0.072925 -0.0670892 
0.07295 -0.0670961 
0.072975 -0.0671028 
0.073 -0.0671096 
0.073025 -0.0671163 
0.07305 -0.0671229 
0.073075 -0.0671294 
0.0731 -0.0671358 
0.073125 -0.0671421 
0.07315 -0.0671482 
0.073175 -0.0671543 
0.0732 -0.0671604 
0.073225 -0.0671664 
0.07325 -0.0671723 
0.073275 -0.067178 
0.0733 -0.0671837 
0.073325 -0.0671893 
0.07335 -0.0671948 
0.073375 -0.0672001 
0.0734 -0.0672054 
0.073425 -0.0672108 
0.07345 -0.067216 
0.073475 -0.0672212 
0.0735 -0.0672262 
0.073525 -0.0672312 
0.07355 -0.0672361 
0.073575 -0.0672408 
0.0736 -0.0672455 
0.073625 -0.0672501 
0.07365 -0.0672546 
0.073675 -0.0672591 
0.0737 -0.0672635 
0.073725 -0.0672679 
0.07375 -0.0672721 
0.073775 -0.0672763 
0.0738 -0.0672803 
0.073825 -0.0672842 
0.07385 -0.0672881 
0.073875 -0.0672918 
0.0739 -0.0672954 
0.073925 -0.067299 
0.07395 -0.0673025 
0.073975 -0.067306 
0.074 -0.0673095 
0.074025 -0.0673129 
0.07405 -0.0673163 
0.074075 -0.0673195 
0.0741 -0.0673226 
0.074125 -0.0673257 
0.07415 -0.0673286 
0.074175 -0.0673314 
0.0742 -0.0673342 
0.074225 -0.0673368 
0.07425 -0.0673394 
0.074275 -0.0673418 
0.0743 -0.0673442 
0.074325 -0.0673465 
0.07435 -0.0673487 
0.074375 -0.0673509 
0.0744 -0.0673531 
0.074425 -0.0673553 
0.07445 -0.0673575 
0.074475 -0.0673596 
0.0745 -0.0673616 
0.074525 -0.0673635 
0.07455 -0.0673654 
0.074575 -0.0673671 
0.0746 -0.0673688 
0.074625 -0.0673704 
0.07465 -0.0673719 
0.074675 -0.0673733 
0.0747 -0.0673746 
0.074725 -0.0673759 
0.07475 -0.0673771 
0.074775 -0.0673782 
0.0748 -0.0673792 
0.074825 -0.0673801 
0.07485 -0.067381 
0.074875 -0.0673819 
0.0749 -0.0673826 
0.074925 -0.0673833 
0.07495 -0.067384 
0.074975 -0.0673846 
0.075 -0.0673851 
0.075025 -0.0673855 
0.07505 -0.0673859 
0.075075 -0.0673863 
0.0751 -0.0673865 
0.075125 -0.0673867 
0.07515 -0.0673868 
0.075175 -0.0673869 
0.0752 -0.0673868 
0.075225 -0.0673867 
0.07525 -0.0673866 
0.075275 -0.0673863 
0.0753 -0.067386 
0.075325 -0.0673856 
0.07535 -0.0673852 
0.075375 -0.0673847 
0.0754 -0.0673842 
0.075425 -0.0673836 
0.07545 -0.0673829 
0.075475 -0.0673822 
0.0755 -0.0673814 
0.075525 -0.0673806 
0.07555 -0.0673798 
0.075575 -0.0673788 
0.0756 -0.0673779 
0.075625 -0.0673768 
0.07565 -0.0673757 
0.075675 -0.0673745 
0.0757 -0.0673733 
0.075725 -0.0673721 
0.07575 -0.0673707 
0.075775 -0.0673694 
0.0758 -0.0673679 
0.075825 -0.0673664 
0.07585 -0.0673649 
0.075875 -0.0673633 
0.0759 -0.0673616 
0.075925 -0.0673599 
0.07595 -0.0673582 
0.075975 -0.0673563 
0.076 -0.0673545 
0.076025 -0.0673525 
0.07605 -0.0673505 
0.076075 -0.0673485 
0.0761 -0.0673462 
0.076125 -0.0673439 
0.07615 -0.0673415 
0.076175 -0.0673391 
0.0762 -0.0673366 
0.076225 -0.067334 
0.07625 -0.0673314 
0.076275 -0.0673288 
0.0763 -0.0673262 
0.076325 -0.0673235 
0.07635 -0.0673207 
0.076375 -0.0673179 
0.0764 -0.0673151 
0.076425 -0.0673123 
0.07645 -0.0673094 
0.076475 -0.0673064 
0.0765 -0.0673035 
0.076525 -0.0673004 
0.07655 -0.0672973 
0.076575 -0.0672941 
0.0766 -0.0672908 
0.076625 -0.0672874 
0.07665 -0.067284 
0.076675 -0.0672805 
0.0767 -0.067277 
0.076725 -0.0672734 
0.07675 -0.0672698 
0.076775 -0.0672662 
0.0768 -0.0672626 
0.076825 -0.0672589 
0.07685 -0.0672552 
0.076875 -0.0672515 
0.0769 -0.0672477 
0.076925 -0.0672438 
0.07695 -0.0672398 
0.076975 -0.0672357 
0.077 -0.0672315 
0.077025 -0.0672274 
0.07705 -0.0672232 
0.077075 -0.0672189 
0.0771 -0.0672147 
0.077125 -0.0672104 
0.07715 -0.0672062 
0.077175 -0.0672019 
0.0772 -0.0671975 
0.077225 -0.067193 
0.07725 -0.0671884 
0.077275 -0.0671838 
0.0773 -0.0671791 
0.077325 -0.0671744 
0.07735 -0.0671696 
0.077375 -0.0671649 
0.0774 -0.0671601 
0.077425 -0.0671553 
0.07745 -0.0671505 
0.077475 -0.0671456 
0.0775 -0.0671406 
0.077525 -0.0671355 
0.07755 -0.0671304 
0.077575 -0.0671253 
0.0776 -0.0671201 
0.077625 -0.0671149 
0.07765 -0.0671097 
0.077675 -0.0671044 
0.0777 -0.0670992 
0.077725 -0.0670938 
0.07775 -0.0670884 
0.077775 -0.0670829 
0.0778 -0.0670773 
0.077825 -0.0670718 
0.07785 -0.0670662 
0.077875 -0.0670606 
0.0779 -0.067055 
0.077925 -0.0670494 
0.07795 -0.0670436 
0.077975 -0.0670378 
0.078 -0.0670319 
0.078025 -0.067026 
0.07805 -0.0670201 
0.078075 -0.0670142 
0.0781 -0.0670082 
0.078125 -0.0670022 
0.07815 -0.0669962 
0.078175 -0.0669901 
0.0782 -0.0669839 
0.078225 -0.0669777 
0.07825 -0.0669715 
0.078275 -0.0669652 
0.0783 -0.0669589 
0.078325 -0.0669527 
0.07835 -0.0669464 
0.078375 -0.06694 
0.0784 -0.0669335 
0.078425 -0.0669269 
0.07845 -0.0669204 
0.078475 -0.0669138 
0.0785 -0.0669073 
0.078525 -0.0669007 
0.07855 -0.0668941 
0.078575 -0.0668874 
0.0786 -0.0668806 
0.078625 -0.0668738 
0.07865 -0.066867 
0.078675 -0.0668602 
0.0787 -0.0668533 
0.078725 -0.0668465 
0.07875 -0.0668395 
0.078775 -0.0668325 
0.0788 -0.0668254 
0.078825 -0.0668184 
0.07885 -0.0668113 
0.078875 -0.0668042 
0.0789 -0.0667971 
0.078925 -0.0667899 
0.07895 -0.0667827 
0.078975 -0.0667754 
0.079 -0.066768 
0.079025 -0.0667607 
0.07905 -0.0667535 
0.079075 -0.0667461 
0.0791 -0.0667387 
0.079125 -0.0667312 
0.07915 -0.0667237 
0.079175 -0.0667161 
0.0792 -0.0667086 
0.079225 -0.0667011 
0.07925 -0.0666935 
0.079275 -0.0666859 
0.0793 -0.0666781 
0.079325 -0.0666704 
0.07935 -0.0666627 
0.079375 -0.0666549 
0.0794 -0.0666472 
0.079425 -0.0666394 
0.07945 -0.0666315 
0.079475 -0.0666236 
0.0795 -0.0666156 
0.079525 -0.0666077 
0.07955 -0.0665998 
0.079575 -0.0665918 
0.0796 -0.0665837 
0.079625 -0.0665756 
0.07965 -0.0665675 
0.079675 -0.0665593 
0.0797 -0.0665513 
0.079725 -0.0665431 
0.07975 -0.0665349 
0.079775 -0.0665266 
0.0798 -0.0665183 
0.079825 -0.06651 
0.07985 -0.0665017 
0.079875 -0.0664934 
0.0799 -0.066485 
0.079925 -0.0664766 
0.07995 -0.0664681 
0.079975 -0.0664596 
0.08 -0.0664512 
0.080025 -0.0664427 
0.08005 -0.0664341 
0.080075 -0.0664255 
0.0801 -0.0664169 
0.080125 -0.0664083 
0.08015 -0.0663997 
0.080175 -0.066391 
0.0802 -0.0663823 
0.080225 -0.0663735 
0.08025 -0.0663647 
0.080275 -0.0663559 
0.0803 -0.0663472 
0.080325 -0.0663383 
0.08035 -0.0663294 
0.080375 -0.0663205 
0.0804 -0.0663116 
0.080425 -0.0663027 
0.08045 -0.0662938 
0.080475 -0.0662848 
0.0805 -0.0662757 
0.080525 -0.0662666 
0.08055 -0.0662576 
0.080575 -0.0662486 
0.0806 -0.0662395 
0.080625 -0.0662303 
0.08065 -0.0662211 
0.080675 -0.0662119 
0.0807 -0.0662027 
0.080725 -0.0661935 
0.08075 -0.0661842 
0.080775 -0.0661749 
0.0808 -0.0661656 
0.080825 -0.0661563 
0.08085 -0.066147 
0.080875 -0.0661376 
0.0809 -0.0661281 
0.080925 -0.0661187 
0.08095 -0.0661092 
0.080975 -0.0660998 
0.081 -0.0660904 
0.081025 -0.0660808 
0.08105 -0.0660712 
0.081075 -0.0660617 
0.0811 -0.0660521 
0.081125 -0.0660426 
0.08115 -0.0660329 
0.081175 -0.0660232 
0.0812 -0.0660135 
0.081225 -0.0660039 
0.08125 -0.0659942 
0.081275 -0.0659844 
0.0813 -0.0659746 
0.081325 -0.0659648 
0.08135 -0.0659551 
0.081375 -0.0659453 
0.0814 -0.0659354 
0.081425 -0.0659255 
0.08145 -0.0659156 
0.081475 -0.0659058 
0.0815 -0.0658959 
0.081525 -0.0658859 
0.08155 -0.0658759 
0.081575 -0.0658659 
0.0816 -0.0658559 
0.081625 -0.0658459 
0.08165 -0.0658358 
0.081675 -0.0658257 
0.0817 -0.0658156 
0.081725 -0.0658055 
0.08175 -0.0657954 
0.081775 -0.0657853 
0.0818 -0.0657751 
0.081825 -0.0657648 
0.08185 -0.0657547 
0.081875 -0.0657445 
0.0819 -0.0657342 
0.081925 -0.0657239 
0.08195 -0.0657136 
0.081975 -0.0657033 
0.082 -0.0656931 
0.082025 -0.0656827 
0.08205 -0.0656723 
0.082075 -0.0656619 
0.0821 -0.0656515 
0.082125 -0.0656411 
0.08215 -0.0656307 
0.082175 -0.0656202 
0.0822 -0.0656097 
0.082225 -0.0655993 
0.08225 -0.0655888 
0.082275 -0.0655782 
0.0823 -0.0655676 
0.082325 -0.065557 
0.08235 -0.0655465 
0.082375 -0.0655359 
0.0824 -0.0655252 
0.082425 -0.0655145 
0.08245 -0.0655039 
0.082475 -0.0654933 
0.0825 -0.0654826 
0.082525 -0.0654718 
0.08255 -0.0654611 
0.082575 -0.0654504 
0.0826 -0.0654396 
0.082625 -0.0654288 
0.08265 -0.065418 
0.082675 -0.0654072 
0.0827 -0.0653964 
0.082725 -0.0653855 
0.08275 -0.0653746 
0.082775 -0.0653637 
0.0828 -0.0653528 
0.082825 -0.0653419 
0.08285 -0.065331 
0.082875 -0.06532 
0.0829 -0.065309 
0.082925 -0.0652981 
0.08295 -0.0652871 
0.082975 -0.065276 
0.083 -0.0652649 
0.083025 -0.0652539 
0.08305 -0.0652429 
0.083075 -0.0652318 
0.0831 -0.0652206 
0.083125 -0.0652095 
0.08315 -0.0651984 
0.083175 -0.0651873 
0.0832 -0.0651761 
0.083225 -0.0651648 
0.08325 -0.0651537 
0.083275 -0.0651425 
0.0833 -0.0651312 
0.083325 -0.06512 
0.08335 -0.0651087 
0.083375 -0.0650975 
0.0834 -0.0650862 
0.083425 -0.0650748 
0.08345 -0.0650635 
0.083475 -0.0650521 
0.0835 -0.0650408 
0.083525 -0.0650294 
0.08355 -0.065018 
0.083575 -0.0650066 
0.0836 -0.0649952 
0.083625 -0.0649837 
0.08365 -0.0649722 
0.083675 -0.0649608 
0.0837 -0.0649493 
0.083725 -0.0649378 
0.08375 -0.0649263 
0.083775 -0.0649147 
0.0838 -0.0649032 
0.083825 -0.0648917 
0.08385 -0.0648801 
0.083875 -0.0648684 
0.0839 -0.0648568 
0.083925 -0.0648453 
0.08395 -0.0648336 
0.083975 -0.0648219 
0.084 -0.0648102 
0.084025 -0.0647986 
0.08405 -0.0647869 
0.084075 -0.0647751 
0.0841 -0.0647634 
0.084125 -0.0647516 
0.08415 -0.0647399 
0.084175 -0.0647281 
0.0842 -0.0647163 
0.084225 -0.0647045 
0.08425 -0.0646927 
0.084275 -0.0646808 
0.0843 -0.0646689 
0.084325 -0.0646571 
0.08435 -0.0646453 
0.084375 -0.0646333 
0.0844 -0.0646214 
0.084425 -0.0646094 
0.08445 -0.0645975 
0.084475 -0.0645856 
0.0845 -0.0645736 
0.084525 -0.0645615 
0.08455 -0.0645496 
0.084575 -0.0645376 
0.0846 -0.0645255 
0.084625 -0.0645134 
0.08465 -0.0645014 
0.084675 -0.0644894 
0.0847 -0.0644772 
0.084725 -0.0644651 
0.08475 -0.064453 
0.084775 -0.0644409 
0.0848 -0.0644287 
0.084825 -0.0644165 
0.08485 -0.0644043 
0.084875 -0.0643922 
0.0849 -0.0643799 
0.084925 -0.0643676 
0.08495 -0.0643554 
0.084975 -0.0643432 
0.085 -0.0643309 
0.085025 -0.0643186 
0.08505 -0.0643063 
0.085075 -0.064294 
0.0851 -0.0642817 
0.085125 -0.0642692 
0.08515 -0.0642569 
0.085175 -0.0642446 
0.0852 -0.0642321 
0.085225 -0.0642197 
0.08525 -0.0642072 
0.085275 -0.0641949 
0.0853 -0.0641824 
0.085325 -0.0641698 
0.08535 -0.0641573 
0.085375 -0.0641449 
0.0854 -0.0641323 
0.085425 -0.0641197 
0.08545 -0.0641072 
0.085475 -0.0640947 
0.0855 -0.064082 
0.085525 -0.0640694 
0.08555 -0.0640568 
0.085575 -0.0640442 
0.0856 -0.0640315 
0.085625 -0.0640188 
0.08565 -0.0640061 
0.085675 -0.0639935 
0.0857 -0.0639807 
0.085725 -0.0639679 
0.08575 -0.0639552 
0.085775 -0.0639425 
0.0858 -0.0639297 
0.085825 -0.0639168 
0.08585 -0.0639041 
0.085875 -0.0638913 
0.0859 -0.0638784 
0.085925 -0.0638655 
0.08595 -0.0638527 
0.085975 -0.0638398 
0.086 -0.0638268 
0.086025 -0.0638139 
0.08605 -0.063801 
0.086075 -0.063788 
0.0861 -0.063775 
0.086125 -0.063762 
0.08615 -0.063749 
0.086175 -0.063736 
0.0862 -0.0637229 
0.086225 -0.0637098 
0.08625 -0.0636968 
0.086275 -0.0636836 
0.0863 -0.0636705 
0.086325 -0.0636573 
0.08635 -0.0636442 
0.086375 -0.063631 
0.0864 -0.0636178 
0.086425 -0.0636046 
0.08645 -0.0635914 
0.086475 -0.0635781 
0.0865 -0.0635648 
0.086525 -0.0635516 
0.08655 -0.0635383 
0.086575 -0.0635249 
0.0866 -0.0635115 
0.086625 -0.0634982 
0.08665 -0.0634848 
0.086675 -0.0634714 
0.0867 -0.063458 
0.086725 -0.0634446 
0.08675 -0.0634311 
0.086775 -0.0634175 
0.0868 -0.0634041 
0.086825 -0.0633906 
0.08685 -0.063377 
0.086875 -0.0633634 
0.0869 -0.0633499 
0.086925 -0.0633363 
0.08695 -0.0633226 
0.086975 -0.063309 
0.087 -0.0632954 
0.087025 -0.0632817 
0.08705 -0.0632679 
0.087075 -0.0632542 
0.0871 -0.0632405 
0.087125 -0.0632267 
0.08715 -0.0632129 
0.087175 -0.0631991 
0.0872 -0.0631853 
0.087225 -0.0631714 
0.08725 -0.0631575 
0.087275 -0.0631436 
0.0873 -0.0631297 
0.087325 -0.0631157 
0.08735 -0.0631018 
0.087375 -0.0630878 
0.0874 -0.0630737 
0.087425 -0.0630597 
0.08745 -0.0630457 
0.087475 -0.0630315 
0.0875 -0.0630174 
0.087525 -0.0630032 
0.08755 -0.0629891 
0.087575 -0.0629749 
0.0876 -0.0629606 
0.087625 -0.0629465 
0.08765 -0.0629322 
0.087675 -0.0629179 
0.0877 -0.0629036 
0.087725 -0.0628893 
0.08775 -0.0628749 
0.087775 -0.0628604 
0.0878 -0.0628461 
0.087825 -0.0628316 
0.08785 -0.0628171 
0.087875 -0.0628027 
0.0879 -0.0627882 
0.087925 -0.0627736 
0.08795 -0.062759 
0.087975 -0.0627444 
0.088 -0.0627298 
0.088025 -0.0627151 
0.08805 -0.0627004 
0.088075 -0.0626857 
0.0881 -0.0626709 
0.088125 -0.0626561 
0.08815 -0.0626414 
0.088175 -0.0626265 
0.0882 -0.0626116 
0.088225 -0.0625967 
0.08825 -0.0625818 
0.088275 -0.0625667 
0.0883 -0.0625518 
0.088325 -0.0625368 
0.08835 -0.0625217 
0.088375 -0.0625066 
0.0884 -0.0624915 
0.088425 -0.0624763 
0.08845 -0.062461 
0.088475 -0.0624459 
0.0885 -0.0624306 
0.088525 -0.0624152 
0.08855 -0.0624 
0.088575 -0.0623846 
0.0886 -0.0623691 
0.088625 -0.0623537 
0.08865 -0.0623382 
0.088675 -0.0623226 
0.0887 -0.0623071 
0.088725 -0.0622916 
0.08875 -0.0622759 
0.088775 -0.0622602 
0.0888 -0.0622445 
0.088825 -0.0622287 
0.08885 -0.0622129 
0.088875 -0.0621971 
0.0889 -0.0621812 
0.088925 -0.0621653 
0.08895 -0.0621494 
0.088975 -0.0621334 
0.089 -0.0621173 
0.089025 -0.0621013 
0.08905 -0.0620851 
0.089075 -0.0620689 
0.0891 -0.0620527 
0.089125 -0.0620365 
0.08915 -0.0620201 
0.089175 -0.0620038 
0.0892 -0.0619874 
0.089225 -0.0619709 
0.08925 -0.0619544 
0.089275 -0.0619379 
0.0893 -0.0619212 
0.089325 -0.0619046 
0.08935 -0.0618879 
0.089375 -0.0618711 
0.0894 -0.0618543 
0.089425 -0.0618375 
0.08945 -0.0618205 
0.089475 -0.0618036 
0.0895 -0.0617866 
0.089525 -0.0617695 
0.08955 -0.0617524 
0.089575 -0.0617352 
0.0896 -0.061718 
0.089625 -0.0617007 
0.08965 -0.0616833 
0.089675 -0.0616659 
0.0897 -0.0616485 
0.089725 -0.0616309 
0.08975 -0.0616133 
0.089775 -0.0615957 
0.0898 -0.0615779 
0.089825 -0.0615601 
0.08985 -0.0615422 
0.089875 -0.0615242 
0.0899 -0.0615062 
0.089925 -0.0614882 
0.08995 -0.06147 
0.089975 -0.0614518 
0.09 -0.0614336 
0.090025 -0.0614152 
0.09005 -0.0613968 
0.090075 -0.0613783 
0.0901 -0.0613597 
0.090125 -0.0613411 
0.09015 -0.0613223 
0.090175 -0.0613035 
0.0902 -0.0612846 
0.090225 -0.0612656 
0.09025 -0.0612466 
0.090275 -0.0612274 
0.0903 -0.0612081 
0.090325 -0.0611889 
0.09035 -0.0611694 
0.090375 -0.0611499 
0.0904 -0.0611303 
0.090425 -0.0611106 
0.09045 -0.0610908 
0.090475 -0.0610709 
0.0905 -0.061051 
0.090525 -0.0610309 
0.09055 -0.0610107 
0.090575 -0.0609904 
0.0906 -0.06097 
0.090625 -0.0609496 
0.09065 -0.0609289 
0.090675 -0.0609082 
0.0907 -0.0608874 
0.090725 -0.0608664 
0.09075 -0.0608454 
0.090775 -0.0608242 
0.0908 -0.0608029 
0.090825 -0.0607815 
0.09085 -0.0607599 
0.090875 -0.0607383 
0.0909 -0.0607164 
0.090925 -0.0606946 
0.09095 -0.0606725 
0.090975 -0.0606503 
0.091 -0.0606279 
0.091025 -0.0606055 
0.09105 -0.0605829 
0.091075 -0.0605601 
0.0911 -0.0605372 
0.091125 -0.0605141 
0.09115 -0.0604909 
0.091175 -0.0604675 
0.0912 -0.060444 
0.091225 -0.0604202 
0.09125 -0.0603964 
0.091275 -0.0603722 
0.0913 -0.060348 
0.091325 -0.0603236 
0.09135 -0.060299 
0.091375 -0.0602742 
0.0914 -0.0602492 
0.091425 -0.060224 
0.09145 -0.0601986 
0.091475 -0.060173 
0.0915 -0.0601472 
0.091525 -0.0601211 
0.09155 -0.0600949 
0.091575 -0.0600684 
0.0916 -0.0600418 
0.091625 -0.0600148 
0.09165 -0.0599877 
0.091675 -0.0599602 
0.0917 -0.0599325 
0.091725 -0.0599046 
0.09175 -0.0598764 
0.091775 -0.0598479 
0.0918 -0.0598191 
0.091825 -0.0597901 
0.09185 -0.0597608 
0.091875 -0.0597311 
0.0919 -0.0597012 
0.091925 -0.0596709 
0.09195 -0.0596404 
0.091975 -0.0596094 
0.092 -0.0595782 
0.092025 -0.0595465 
0.09205 -0.0595145 
0.092075 -0.0594821 
0.0921 -0.0594494 
0.092125 -0.0594162 
0.09215 -0.0593826 
0.092175 -0.0593486 
0.0922 -0.0593142 
0.092225 -0.0592793 
0.09225 -0.059244 
0.092275 -0.0592082 
0.0923 -0.0591719 
0.092325 -0.0591351 
0.09235 -0.0590978 
0.092375 -0.0590599 
0.0924 -0.0590214 
0.092425 -0.0589824 
0.09245 -0.0589428 
0.092475 -0.0589026 
0.0925 -0.0588617 
0.092525 -0.0588201 
0.09255 -0.0587778 
0.092575 -0.0587348 
0.0926 -0.058691 
0.092625 -0.0586465 
0.09265 -0.0586011 
0.092675 -0.0585549 
0.0927 -0.0585079 
0.092725 -0.0584599 
0.09275 -0.058411 
0.092775 -0.058361 
0.0928 -0.0583101 
0.092825 -0.058258 
0.09285 -0.0582047 
0.092875 -0.0581503 
0.0929 -0.0580946 
0.092925 -0.0580376 
0.09295 -0.0579791 
0.092975 -0.0579192 
0.093 -0.0578578 
0.093025 -0.0577947 
0.09305 -0.05773 
0.093075 -0.0576633 
0.0931 -0.0575948 
0.093125 -0.0575242 
0.09315 -0.0574514 
0.093175 -0.0573762 
0.0932 -0.0572986 
0.093225 -0.0572183 
0.09325 -0.0571352 
0.093275 -0.057049 
0.0933 -0.0569594 
0.093325 -0.0568663 
0.09335 -0.0567693 
0.093375 -0.0566679 
0.0934 -0.0565619 
0.093425 -0.0564509 
0.09345 -0.0563344 
0.093475 -0.0562115 
0.0935 -0.0560817 
0.093525 -0.0559441 
0.09355 -0.0557978 
0.093575 -0.0556416 
0.0936 -0.0554738 
0.093625 -0.0552927 
0.09365 -0.0550958 
0.093675 -0.0548802 
0.0937 -0.0546417 
0.093725 -0.0543746 
0.09375 -0.0540711 
0.093775 -0.053719 
0.0938 -0.0532989 
0.093825 -0.052777 
0.09385 -0.0520858 
0.093875 -0.0510651 
0.0939 -0.0493006 
0.093925 -0.0465448 
0.09395 -0.0435784 
0.093975 -0.0403945 
0.094 -0.0365267 
0.094025 -0.0313046 
0.09405 -0.0237174 
0.094075 -0.012467 
0.0941 0.00408156 
0.094125 0.0222 
0.09415 0.0310353 
0.094175 0.0337458 
0.0942 0.034477 
0.094225 0.0345215 
0.09425 0.0343244 
0.094275 0.0340108 
0.0943 0.0335891 
0.094325 0.033067 
0.09435 0.0324682 
0.094375 0.0318169 
0.0944 0.0311311 
0.094425 0.0304228 
0.09445 0.0296999 
0.094475 0.0289673 
0.0945 0.0282277 
0.094525 0.027482 
0.09455 0.0267305 
0.094575 0.025973 
0.0946 0.0252097 
0.094625 0.0244416 
0.09465 0.0236699 
0.094675 0.0228967 
0.0947 0.0221238 
0.094725 0.021353 
0.09475 0.0205859 
0.094775 0.0198237 
0.0948 0.0190671 
0.094825 0.0183168 
0.09485 0.0175732 
0.094875 0.0168368 
0.0949 0.0161076 
0.094925 0.0153859 
0.09495 0.0146717 
0.094975 0.013965 
0.095 0.0132657 
0.095025 0.0125736 
0.09505 0.0118887 
0.095075 0.0112106 
0.0951 0.010539 
0.095125 0.00987344 
0.09515 0.0092134 
0.095175 0.00855841 
0.0952 0.00790786 
0.095225 0.00726106 
0.09525 0.00661732 
0.095275 0.00597586 
0.0953 0.00533564 
0.095325 0.00469576 
0.09535 0.00405511 
0.095375 0.00341257 
0.0954 0.00276709 
0.095425 0.0021179 
0.09545 0.00146426 
0.095475 0.00080606 
0.0955 0.000143857 
0.095525 -0.000521385 
0.09555 -0.00118748 
0.095575 -0.00185184 
0.0956 -0.00251152 
0.095625 -0.00316349 
0.09565 -0.00380531 
0.095675 -0.0044352 
0.0957 -0.00505143 
0.095725 -0.00565345 
0.09575 -0.00624055 
0.095775 -0.00681262 
0.0958 -0.00737036 
0.095825 -0.00791428 
0.09585 -0.00844523 
0.095875 -0.00896377 
0.0959 -0.00947137 
0.095925 -0.00996785 
0.09595 -0.0104545 
0.095975 -0.0109313 
0.096 -0.011399 
0.096025 -0.0118582 
0.09605 -0.0123097 
0.096075 -0.012754 
0.0961 -0.0131916 
0.096125 -0.0136228 
0.09615 -0.0140482 
0.096175 -0.0144676 
0.0962 -0.0148818 
0.096225 -0.0152908 
0.09625 -0.0156953 
0.096275 -0.016095 
0.0963 -0.0164904 
0.096325 -0.0168818 
0.09635 -0.0172693 
0.096375 -0.0176529 
0.0964 -0.0180333 
0.096425 -0.0184101 
0.09645 -0.0187837 
0.096475 -0.0191545 
0.0965 -0.0195227 
0.096525 -0.019888 
0.09655 -0.0202507 
0.096575 -0.020611 
0.0966 -0.0209686 
0.096625 -0.0213237 
0.09665 -0.0216764 
0.096675 -0.0220265 
0.0967 -0.0223741 
0.096725 -0.022719 
0.09675 -0.0230614 
0.096775 -0.0234008 
0.0968 -0.0237377 
0.096825 -0.0240717 
0.09685 -0.0244028 
0.096875 -0.0247306 
0.0969 -0.0250548 
0.096925 -0.0253756 
0.09695 -0.0256927 
0.096975 -0.0260059 
0.097 -0.0263152 
0.097025 -0.0266204 
0.09705 -0.0269216 
0.097075 -0.0272185 
0.0971 -0.0275106 
0.097125 -0.027798 
0.09715 -0.0280806 
0.097175 -0.0283583 
0.0972 -0.0286309 
0.097225 -0.0288984 
0.09725 -0.0291608 
0.097275 -0.0294179 
0.0973 -0.0296693 
0.097325 -0.0299152 
0.09735 -0.0301557 
0.097375 -0.0303911 
0.0974 -0.0306208 
0.097425 -0.030845 
0.09745 -0.0310636 
0.097475 -0.0312766 
0.0975 -0.0314842 
0.097525 -0.0316865 
0.09755 -0.0318835 
0.097575 -0.0320753 
0.0976 -0.0322621 
0.097625 -0.0324438 
0.09765 -0.0326207 
0.097675 -0.0327929 
0.0977 -0.0329604 
0.097725 -0.0331231 
0.09775 -0.0332816 
0.097775 -0.0334355 
0.0978 -0.0335852 
0.097825 -0.0337304 
0.09785 -0.0338715 
0.097875 -0.0340084 
0.0979 -0.0341411 
0.097925 -0.0342698 
0.09795 -0.0343944 
0.097975 -0.0345151 
0.098 -0.0346319 
0.098025 -0.0347448 
0.09805 -0.0348538 
0.098075 -0.0349589 
0.0981 -0.0350602 
0.098125 -0.0351579 
0.09815 -0.0352519 
0.098175 -0.0353423 
0.0982 -0.0354292 
0.098225 -0.0355126 
0.09825 -0.0355925 
0.098275 -0.0356689 
0.0983 -0.0357419 
0.098325 -0.0358114 
0.09835 -0.0358775 
0.098375 -0.0359403 
0.0984 -0.0359997 
0.098425 -0.0360555 
0.09845 -0.036108 
0.098475 -0.0361569 
0.0985 -0.0362023 
0.098525 -0.036244 
0.09855 -0.0362819 
0.098575 -0.0363155 
0.0986 -0.0363448 
0.098625 -0.0363696 
0.09865 -0.0363894 
0.098675 -0.0364034 
0.0987 -0.0364121 
0.098725 -0.0364144 
0.09875 -0.0364094 
0.098775 -0.0363959 
0.0988 -0.0363715 
0.098825 -0.0363353 
0.09885 -0.0362842 
0.098875 -0.036215 
0.0989 -0.0361222 
0.098925 -0.0359986 
0.09895 -0.0358319 
0.098975 -0.0356022 
0.099 -0.0352728 
0.099025 -0.0347689 
0.09905 -0.033934 
0.099075 -0.0326068 
0.0991 -0.0310121 
0.099125 -0.0294858 
0.09915 -0.0280734 
0.099175 -0.0267235 
0.0992 -0.0253987 
0.099225 -0.0240804 
0.09925 -0.0227619 
0.099275 -0.0214438 
0.0993 -0.0201307 
0.099325 -0.0188309 
0.09935 -0.017558 
0.099375 -0.01633 
0.0994 -0.0151645 
0.099425 -0.0140787 
0.09945 -0.0130881 
0.099475 -0.0122063 
0.0995 -0.0114437 
0.099525 -0.0108062 
0.09955 -0.0102953 
0.099575 -0.00990935 
0.0996 -0.00964285 
0.099625 -0.00948824 
0.09965 -0.00943582 
0.099675 -0.00947559 
0.0997 -0.00959858 
0.099725 -0.00979491 
0.09975 -0.0100553 
0.099775 -0.0103721 
0.0998 -0.0107382 
0.099825 -0.0111473 
0.09985 -0.0115946 
0.099875 -0.0120751 
0.0999 -0.0125857 
0.099925 -0.0131232 
0.09995 -0.0136856 
0.099975 -0.0142708 
