0 -0.0668481 
2.5e-05 -0.0667409 
5e-05 -0.0666625 
7.5e-05 -0.0665983 
0.0001 -0.0665501 
0.000125 -0.0665205 
0.00015 -0.066511 
0.000175 -0.0665222 
0.0002 -0.0665536 
0.000225 -0.0666044 
0.00025 -0.0666734 
0.000275 -0.0667591 
0.0003 -0.0668601 
0.000325 -0.0669749 
0.00035 -0.067102 
0.000375 -0.0672401 
0.0004 -0.0673878 
0.000425 -0.067544 
0.00045 -0.0677076 
0.000475 -0.0678775 
0.0005 -0.0680528 
0.000525 -0.0682328 
0.00055 -0.0684166 
0.000575 -0.0686036 
0.0006 -0.0687932 
0.000625 -0.0689848 
0.00065 -0.069178 
0.000675 -0.0693722 
0.0007 -0.0695672 
0.000725 -0.0697625 
0.00075 -0.0699578 
0.000775 -0.0701529 
0.0008 -0.0703475 
0.000825 -0.0705414 
0.00085 -0.0707343 
0.000875 -0.0709262 
0.0009 -0.0711168 
0.000925 -0.0713061 
0.00095 -0.0714938 
0.000975 -0.0716799 
0.001 -0.0718644 
0.001025 -0.072047 
0.00105 -0.0722278 
0.001075 -0.0724067 
0.0011 -0.0725836 
0.001125 -0.0727584 
0.00115 -0.0729312 
0.001175 -0.073102 
0.0012 -0.0732706 
0.001225 -0.0734371 
0.00125 -0.0736014 
0.001275 -0.0737635 
0.0013 -0.0739235 
0.001325 -0.0740812 
0.00135 -0.0742368 
0.001375 -0.0743901 
0.0014 -0.0745413 
0.001425 -0.0746903 
0.00145 -0.074837 
0.001475 -0.0749816 
0.0015 -0.075124 
0.001525 -0.0752643 
0.00155 -0.0754023 
0.001575 -0.0755383 
0.0016 -0.0756721 
0.001625 -0.0758038 
0.00165 -0.0759334 
0.001675 -0.0760608 
0.0017 -0.0761862 
0.001725 -0.0763096 
0.00175 -0.0764309 
0.001775 -0.0765502 
0.0018 -0.0766675 
0.001825 -0.0767828 
0.00185 -0.0768961 
0.001875 -0.0770075 
0.0019 -0.0771169 
0.001925 -0.0772245 
0.00195 -0.0773301 
0.001975 -0.0774339 
0.002 -0.0775358 
0.002025 -0.0776359 
0.00205 -0.0777342 
0.002075 -0.0778307 
0.0021 -0.0779254 
0.002125 -0.0780184 
0.00215 -0.0781097 
0.002175 -0.0781992 
0.0022 -0.0782871 
0.002225 -0.0783732 
0.00225 -0.0784578 
0.002275 -0.0785407 
0.0023 -0.078622 
0.002325 -0.0787018 
0.00235 -0.0787799 
0.002375 -0.0788566 
0.0024 -0.0789317 
0.002425 -0.0790053 
0.00245 -0.0790774 
0.002475 -0.079148 
0.0025 -0.0792172 
0.002525 -0.079285 
0.00255 -0.0793514 
0.002575 -0.0794164 
0.0026 -0.0794801 
0.002625 -0.0795423 
0.00265 -0.0796033 
0.002675 -0.079663 
0.0027 -0.0797213 
0.002725 -0.0797784 
0.00275 -0.0798343 
0.002775 -0.0798889 
0.0028 -0.0799423 
0.002825 -0.0799945 
0.00285 -0.0800455 
0.002875 -0.0800954 
0.0029 -0.0801441 
0.002925 -0.0801917 
0.00295 -0.0802381 
0.002975 -0.0802835 
0.003 -0.0803278 
0.003025 -0.0803711 
0.00305 -0.0804133 
0.003075 -0.0804544 
0.0031 -0.0804946 
0.003125 -0.0805338 
0.00315 -0.0805719 
0.003175 -0.0806091 
0.0032 -0.0806454 
0.003225 -0.0806807 
0.00325 -0.0807151 
0.003275 -0.0807486 
0.0033 -0.0807812 
0.003325 -0.0808129 
0.00335 -0.0808438 
0.003375 -0.0808738 
0.0034 -0.080903 
0.003425 -0.0809313 
0.00345 -0.0809589 
0.003475 -0.0809856 
0.0035 -0.0810116 
0.003525 -0.0810367 
0.00355 -0.0810612 
0.003575 -0.0810848 
0.0036 -0.0811078 
0.003625 -0.08113 
0.00365 -0.0811515 
0.003675 -0.0811723 
0.0037 -0.0811924 
0.003725 -0.0812118 
0.00375 -0.0812306 
0.003775 -0.0812487 
0.0038 -0.0812662 
0.003825 -0.081283 
0.00385 -0.0812993 
0.003875 -0.0813149 
0.0039 -0.0813299 
0.003925 -0.0813443 
0.00395 -0.0813581 
0.003975 -0.0813713 
0.004 -0.081384 
0.004025 -0.0813961 
0.00405 -0.0814077 
0.004075 -0.0814188 
0.0041 -0.0814293 
0.004125 -0.0814393 
0.00415 -0.0814487 
0.004175 -0.0814577 
0.0042 -0.0814662 
0.004225 -0.0814742 
0.00425 -0.0814817 
0.004275 -0.0814888 
0.0043 -0.0814953 
0.004325 -0.0815015 
0.00435 -0.0815072 
0.004375 -0.0815124 
0.0044 -0.0815172 
0.004425 -0.0815216 
0.00445 -0.0815256 
0.004475 -0.0815291 
0.0045 -0.0815322 
0.004525 -0.081535 
0.00455 -0.0815373 
0.004575 -0.0815393 
0.0046 -0.0815409 
0.004625 -0.0815421 
0.00465 -0.0815429 
0.004675 -0.0815434 
0.0047 -0.0815435 
0.004725 -0.0815433 
0.00475 -0.0815427 
0.004775 -0.0815418 
0.0048 -0.0815406 
0.004825 -0.081539 
0.00485 -0.0815371 
0.004875 -0.0815349 
0.0049 -0.0815324 
0.004925 -0.0815295 
0.00495 -0.0815264 
0.004975 -0.081523 
0.005 -0.0815192 
0.005025 -0.0815152 
0.00505 -0.0815109 
0.005075 -0.0815064 
0.0051 -0.0815015 
0.005125 -0.0814964 
0.00515 -0.081491 
0.005175 -0.0814854 
0.0052 -0.0814795 
0.005225 -0.0814733 
0.00525 -0.0814669 
0.005275 -0.0814602 
0.0053 -0.0814533 
0.005325 -0.0814462 
0.00535 -0.0814388 
0.005375 -0.0814312 
0.0054 -0.0814234 
0.005425 -0.0814153 
0.00545 -0.0814071 
0.005475 -0.0813986 
0.0055 -0.0813899 
0.005525 -0.081381 
0.00555 -0.0813718 
0.005575 -0.0813625 
0.0056 -0.081353 
0.005625 -0.0813433 
0.00565 -0.0813334 
0.005675 -0.0813233 
0.0057 -0.081313 
0.005725 -0.0813025 
0.00575 -0.0812918 
0.005775 -0.081281 
0.0058 -0.08127 
0.005825 -0.0812588 
0.00585 -0.0812474 
0.005875 -0.0812359 
0.0059 -0.0812242 
0.005925 -0.0812123 
0.00595 -0.0812003 
0.005975 -0.0811881 
0.006 -0.0811758 
0.006025 -0.0811633 
0.00605 -0.0811507 
0.006075 -0.0811379 
0.0061 -0.081125 
0.006125 -0.0811119 
0.00615 -0.0810987 
0.006175 -0.0810853 
0.0062 -0.0810718 
0.006225 -0.0810582 
0.00625 -0.0810444 
0.006275 -0.0810305 
0.0063 -0.0810165 
0.006325 -0.0810023 
0.00635 -0.080988 
0.006375 -0.0809736 
0.0064 -0.0809591 
0.006425 -0.0809445 
0.00645 -0.0809297 
0.006475 -0.0809148 
0.0065 -0.0808998 
0.006525 -0.0808847 
0.00655 -0.0808695 
0.006575 -0.0808542 
0.0066 -0.0808387 
0.006625 -0.0808232 
0.00665 -0.0808075 
0.006675 -0.0807918 
0.0067 -0.0807759 
0.006725 -0.08076 
0.00675 -0.0807439 
0.006775 -0.0807278 
0.0068 -0.0807116 
0.006825 -0.0806952 
0.00685 -0.0806788 
0.006875 -0.0806623 
0.0069 -0.0806457 
0.006925 -0.080629 
0.00695 -0.0806122 
0.006975 -0.0805954 
0.007 -0.0805784 
0.007025 -0.0805614 
0.00705 -0.0805443 
0.007075 -0.0805271 
0.0071 -0.0805099 
0.007125 -0.0804925 
0.00715 -0.0804751 
0.007175 -0.0804576 
0.0072 -0.0804401 
0.007225 -0.0804224 
0.00725 -0.0804047 
0.007275 -0.080387 
0.0073 -0.0803691 
0.007325 -0.0803512 
0.00735 -0.0803332 
0.007375 -0.0803152 
0.0074 -0.0802971 
0.007425 -0.0802789 
0.00745 -0.0802607 
0.007475 -0.0802424 
0.0075 -0.0802241 
0.007525 -0.0802057 
0.00755 -0.0801872 
0.007575 -0.0801687 
0.0076 -0.0801501 
0.007625 -0.0801315 
0.00765 -0.0801128 
0.007675 -0.080094 
0.0077 -0.0800753 
0.007725 -0.0800564 
0.00775 -0.0800375 
0.007775 -0.0800186 
0.0078 -0.0799996 
0.007825 -0.0799806 
0.00785 -0.0799615 
0.007875 -0.0799424 
0.0079 -0.0799232 
0.007925 -0.079904 
0.00795 -0.0798847 
0.007975 -0.0798654 
0.008 -0.0798461 
0.008025 -0.0798267 
0.00805 -0.0798073 
0.008075 -0.0797879 
0.0081 -0.0797684 
0.008125 -0.0797488 
0.00815 -0.0797293 
0.008175 -0.0797097 
0.0082 -0.07969 
0.008225 -0.0796704 
0.00825 -0.0796507 
0.008275 -0.0796309 
0.0083 -0.0796112 
0.008325 -0.0795914 
0.00835 -0.0795715 
0.008375 -0.0795517 
0.0084 -0.0795318 
0.008425 -0.0795119 
0.00845 -0.0794919 
0.008475 -0.0794719 
0.0085 -0.079452 
0.008525 -0.0794319 
0.00855 -0.0794119 
0.008575 -0.0793918 
0.0086 -0.0793717 
0.008625 -0.0793516 
0.00865 -0.0793314 
0.008675 -0.0793113 
0.0087 -0.0792911 
0.008725 -0.0792709 
0.00875 -0.0792507 
0.008775 -0.0792304 
0.0088 -0.0792101 
0.008825 -0.0791899 
0.00885 -0.0791696 
0.008875 -0.0791492 
0.0089 -0.0791289 
0.008925 -0.0791086 
0.00895 -0.0790882 
0.008975 -0.0790678 
0.009 -0.0790474 
0.009025 -0.079027 
0.00905 -0.0790066 
0.009075 -0.0789861 
0.0091 -0.0789657 
0.009125 -0.0789452 
0.00915 -0.0789247 
0.009175 -0.0789043 
0.0092 -0.0788838 
0.009225 -0.0788633 
0.00925 -0.0788427 
0.009275 -0.0788222 
0.0093 -0.0788017 
0.009325 -0.0787811 
0.00935 -0.0787606 
0.009375 -0.07874 
0.0094 -0.0787195 
0.009425 -0.0786989 
0.00945 -0.0786783 
0.009475 -0.0786577 
0.0095 -0.0786371 
0.009525 -0.0786166 
0.00955 -0.078596 
0.009575 -0.0785754 
0.0096 -0.0785548 
0.009625 -0.0785342 
0.00965 -0.0785135 
0.009675 -0.0784929 
0.0097 -0.0784723 
0.009725 -0.0784517 
0.00975 -0.0784311 
0.009775 -0.0784105 
0.0098 -0.0783899 
0.009825 -0.0783692 
0.00985 -0.0783486 
0.009875 -0.078328 
0.0099 -0.0783074 
0.009925 -0.0782868 
0.00995 -0.0782662 
0.009975 -0.0782456 
0.01 -0.078225 
0.010025 -0.0782044 
0.01005 -0.0781838 
0.010075 -0.0781632 
0.0101 -0.0781426 
0.010125 -0.078122 
0.01015 -0.0781014 
0.010175 -0.0780808 
0.0102 -0.0780603 
0.010225 -0.0780397 
0.01025 -0.0780191 
0.010275 -0.0779986 
0.0103 -0.077978 
0.010325 -0.0779575 
0.01035 -0.077937 
0.010375 -0.0779164 
0.0104 -0.0778959 
0.010425 -0.0778754 
0.01045 -0.0778549 
0.010475 -0.0778344 
0.0105 -0.0778139 
0.010525 -0.0777935 
0.01055 -0.077773 
0.010575 -0.0777526 
0.0106 -0.0777321 
0.010625 -0.0777117 
0.01065 -0.0776913 
0.010675 -0.0776708 
0.0107 -0.0776504 
0.010725 -0.0776301 
0.01075 -0.0776097 
0.010775 -0.0775893 
0.0108 -0.077569 
0.010825 -0.0775486 
0.01085 -0.0775283 
0.010875 -0.077508 
0.0109 -0.0774877 
0.010925 -0.0774674 
0.01095 -0.0774471 
0.010975 -0.0774269 
0.011 -0.0774066 
0.011025 -0.0773864 
0.01105 -0.0773662 
0.011075 -0.077346 
0.0111 -0.0773258 
0.011125 -0.0773056 
0.01115 -0.0772855 
0.011175 -0.0772653 
0.0112 -0.0772452 
0.011225 -0.0772251 
0.01125 -0.077205 
0.011275 -0.0771849 
0.0113 -0.0771649 
0.011325 -0.0771448 
0.01135 -0.0771248 
0.011375 -0.0771048 
0.0114 -0.0770848 
0.011425 -0.0770648 
0.01145 -0.0770449 
0.011475 -0.077025 
0.0115 -0.0770051 
0.011525 -0.0769852 
0.01155 -0.0769653 
0.011575 -0.0769454 
0.0116 -0.0769256 
0.011625 -0.0769058 
0.01165 -0.076886 
0.011675 -0.0768662 
0.0117 -0.0768464 
0.011725 -0.0768267 
0.01175 -0.076807 
0.011775 -0.0767873 
0.0118 -0.0767676 
0.011825 -0.0767479 
0.01185 -0.0767283 
0.011875 -0.0767087 
0.0119 -0.0766891 
0.011925 -0.0766695 
0.01195 -0.07665 
0.011975 -0.0766304 
0.012 -0.0766109 
0.012025 -0.0765914 
0.01205 -0.076572 
0.012075 -0.0765525 
0.0121 -0.0765331 
0.012125 -0.0765137 
0.01215 -0.0764944 
0.012175 -0.076475 
0.0122 -0.0764557 
0.012225 -0.0764364 
0.01225 -0.0764171 
0.012275 -0.0763979 
0.0123 -0.0763786 
0.012325 -0.0763594 
0.01235 -0.0763402 
0.012375 -0.0763211 
0.0124 -0.0763019 
0.012425 -0.0762828 
0.01245 -0.0762637 
0.012475 -0.0762447 
0.0125 -0.0762256 
0.012525 -0.0762066 
0.01255 -0.0761877 
0.012575 -0.0761687 
0.0126 -0.0761498 
0.012625 -0.0761308 
0.01265 -0.076112 
0.012675 -0.0760931 
0.0127 -0.0760743 
0.012725 -0.0760555 
0.01275 -0.0760367 
0.012775 -0.0760179 
0.0128 -0.0759992 
0.012825 -0.0759805 
0.01285 -0.0759618 
0.012875 -0.0759432 
0.0129 -0.0759245 
0.012925 -0.0759059 
0.01295 -0.0758874 
0.012975 -0.0758688 
0.013 -0.0758503 
0.013025 -0.0758318 
0.01305 -0.0758134 
0.013075 -0.0757949 
0.0131 -0.0757765 
0.013125 -0.0757582 
0.01315 -0.0757398 
0.013175 -0.0757215 
0.0132 -0.0757032 
0.013225 -0.0756849 
0.01325 -0.0756667 
0.013275 -0.0756485 
0.0133 -0.0756303 
0.013325 -0.0756121 
0.01335 -0.075594 
0.013375 -0.0755759 
0.0134 -0.0755578 
0.013425 -0.0755398 
0.01345 -0.0755218 
0.013475 -0.0755038 
0.0135 -0.0754859 
0.013525 -0.0754679 
0.01355 -0.07545 
0.013575 -0.0754322 
0.0136 -0.0754143 
0.013625 -0.0753965 
0.01365 -0.0753787 
0.013675 -0.075361 
0.0137 -0.0753433 
0.013725 -0.0753256 
0.01375 -0.0753079 
0.013775 -0.0752903 
0.0138 -0.0752727 
0.013825 -0.0752551 
0.01385 -0.0752376 
0.013875 -0.0752201 
0.0139 -0.0752026 
0.013925 -0.0751851 
0.01395 -0.0751677 
0.013975 -0.0751503 
0.014 -0.0751329 
0.014025 -0.0751156 
0.01405 -0.0750983 
0.014075 -0.075081 
0.0141 -0.0750638 
0.014125 -0.0750466 
0.01415 -0.0750294 
0.014175 -0.0750123 
0.0142 -0.0749952 
0.014225 -0.0749781 
0.01425 -0.074961 
0.014275 -0.074944 
0.0143 -0.074927 
0.014325 -0.07491 
0.01435 -0.0748931 
0.014375 -0.0748762 
0.0144 -0.0748593 
0.014425 -0.0748425 
0.01445 -0.0748257 
0.014475 -0.0748089 
0.0145 -0.0747922 
0.014525 -0.0747755 
0.01455 -0.0747588 
0.014575 -0.0747421 
0.0146 -0.0747255 
0.014625 -0.0747089 
0.01465 -0.0746924 
0.014675 -0.0746758 
0.0147 -0.0746594 
0.014725 -0.0746429 
0.01475 -0.0746265 
0.014775 -0.0746101 
0.0148 -0.0745937 
0.014825 -0.0745774 
0.01485 -0.0745611 
0.014875 -0.0745448 
0.0149 -0.0745286 
0.014925 -0.0745124 
0.01495 -0.0744962 
0.014975 -0.07448 
0.015 -0.0744639 
0.015025 -0.0744479 
0.01505 -0.0744318 
0.015075 -0.0744158 
0.0151 -0.0743998 
0.015125 -0.0743839 
0.01515 -0.074368 
0.015175 -0.0743521 
0.0152 -0.0743362 
0.015225 -0.0743204 
0.01525 -0.0743046 
0.015275 -0.0742889 
0.0153 -0.0742731 
0.015325 -0.0742575 
0.01535 -0.0742418 
0.015375 -0.0742262 
0.0154 -0.0742106 
0.015425 -0.074195 
0.01545 -0.0741795 
0.015475 -0.074164 
0.0155 -0.0741485 
0.015525 -0.0741331 
0.01555 -0.0741177 
0.015575 -0.0741024 
0.0156 -0.074087 
0.015625 -0.0740717 
0.01565 -0.0740565 
0.015675 -0.0740412 
0.0157 -0.074026 
0.015725 -0.0740109 
0.01575 -0.0739957 
0.015775 -0.0739806 
0.0158 -0.0739656 
0.015825 -0.0739505 
0.01585 -0.0739355 
0.015875 -0.0739205 
0.0159 -0.0739056 
0.015925 -0.0738907 
0.01595 -0.0738758 
0.015975 -0.073861 
0.016 -0.0738462 
0.016025 -0.0738314 
0.01605 -0.0738167 
0.016075 -0.073802 
0.0161 -0.0737873 
0.016125 -0.0737726 
0.01615 -0.073758 
0.016175 -0.0737435 
0.0162 -0.0737289 
0.016225 -0.0737144 
0.01625 -0.0736999 
0.016275 -0.0736855 
0.0163 -0.0736711 
0.016325 -0.0736567 
0.01635 -0.0736423 
0.016375 -0.073628 
0.0164 -0.0736137 
0.016425 -0.0735995 
0.01645 -0.0735853 
0.016475 -0.0735711 
0.0165 -0.073557 
0.016525 -0.0735428 
0.01655 -0.0735288 
0.016575 -0.0735147 
0.0166 -0.0735007 
0.016625 -0.0734867 
0.01665 -0.0734728 
0.016675 -0.0734588 
0.0167 -0.073445 
0.016725 -0.0734311 
0.01675 -0.0734173 
0.016775 -0.0734035 
0.0168 -0.0733897 
0.016825 -0.073376 
0.01685 -0.0733623 
0.016875 -0.0733487 
0.0169 -0.0733351 
0.016925 -0.0733215 
0.01695 -0.0733079 
0.016975 -0.0732944 
0.017 -0.0732809 
0.017025 -0.0732674 
0.01705 -0.073254 
0.017075 -0.0732406 
0.0171 -0.0732273 
0.017125 -0.0732139 
0.01715 -0.0732006 
0.017175 -0.0731874 
0.0172 -0.0731741 
0.017225 -0.0731609 
0.01725 -0.0731478 
0.017275 -0.0731347 
0.0173 -0.0731216 
0.017325 -0.0731085 
0.01735 -0.0730955 
0.017375 -0.0730825 
0.0174 -0.0730695 
0.017425 -0.0730566 
0.01745 -0.0730437 
0.017475 -0.0730308 
0.0175 -0.0730179 
0.017525 -0.0730051 
0.01755 -0.0729924 
0.017575 -0.0729796 
0.0176 -0.0729669 
0.017625 -0.0729543 
0.01765 -0.0729416 
0.017675 -0.072929 
0.0177 -0.0729164 
0.017725 -0.0729039 
0.01775 -0.0728914 
0.017775 -0.0728789 
0.0178 -0.0728664 
0.017825 -0.072854 
0.01785 -0.0728417 
0.017875 -0.0728293 
0.0179 -0.072817 
0.017925 -0.0728047 
0.01795 -0.0727924 
0.017975 -0.0727802 
0.018 -0.072768 
0.018025 -0.0727559 
0.01805 -0.0727437 
0.018075 -0.0727316 
0.0181 -0.0727196 
0.018125 -0.0727075 
0.01815 -0.0726956 
0.018175 -0.0726836 
0.0182 -0.0726717 
0.018225 -0.0726598 
0.01825 -0.0726479 
0.018275 -0.0726361 
0.0183 -0.0726242 
0.018325 -0.0726125 
0.01835 -0.0726007 
0.018375 -0.072589 
0.0184 -0.0725773 
0.018425 -0.0725657 
0.01845 -0.0725541 
0.018475 -0.0725425 
0.0185 -0.072531 
0.018525 -0.0725194 
0.01855 -0.0725079 
0.018575 -0.0724965 
0.0186 -0.0724851 
0.018625 -0.0724737 
0.01865 -0.0724623 
0.018675 -0.072451 
0.0187 -0.0724397 
0.018725 -0.0724284 
0.01875 -0.0724172 
0.018775 -0.072406 
0.0188 -0.0723948 
0.018825 -0.0723837 
0.01885 -0.0723725 
0.018875 -0.0723615 
0.0189 -0.0723504 
0.018925 -0.0723394 
0.01895 -0.0723284 
0.018975 -0.0723175 
0.019 -0.0723065 
0.019025 -0.0722957 
0.01905 -0.0722848 
0.019075 -0.072274 
0.0191 -0.0722632 
0.019125 -0.0722524 
0.01915 -0.0722417 
0.019175 -0.072231 
0.0192 -0.0722203 
0.019225 -0.0722096 
0.01925 -0.072199 
0.019275 -0.0721884 
0.0193 -0.0721779 
0.019325 -0.0721674 
0.01935 -0.0721569 
0.019375 -0.0721464 
0.0194 -0.072136 
0.019425 -0.0721256 
0.01945 -0.0721152 
0.019475 -0.0721049 
0.0195 -0.0720946 
0.019525 -0.0720843 
0.01955 -0.0720741 
0.019575 -0.0720638 
0.0196 -0.0720537 
0.019625 -0.0720435 
0.01965 -0.0720334 
0.019675 -0.0720233 
0.0197 -0.0720132 
0.019725 -0.0720032 
0.01975 -0.0719932 
0.019775 -0.0719833 
0.0198 -0.0719733 
0.019825 -0.0719634 
0.01985 -0.0719536 
0.019875 -0.0719437 
0.0199 -0.0719339 
0.019925 -0.0719241 
0.01995 -0.0719144 
0.019975 -0.0719046 
0.02 -0.071895 
0.020025 -0.0718853 
0.02005 -0.0718757 
0.020075 -0.0718661 
0.0201 -0.0718565 
0.020125 -0.071847 
0.02015 -0.0718375 
0.020175 -0.071828 
0.0202 -0.0718185 
0.020225 -0.0718091 
0.02025 -0.0717998 
0.020275 -0.0717904 
0.0203 -0.0717811 
0.020325 -0.0717718 
0.02035 -0.0717625 
0.020375 -0.0717533 
0.0204 -0.0717441 
0.020425 -0.0717349 
0.02045 -0.0717258 
0.020475 -0.0717167 
0.0205 -0.0717076 
0.020525 -0.0716985 
0.02055 -0.0716895 
0.020575 -0.0716805 
0.0206 -0.0716715 
0.020625 -0.0716626 
0.02065 -0.0716537 
0.020675 -0.0716449 
0.0207 -0.071636 
0.020725 -0.0716272 
0.02075 -0.0716184 
0.020775 -0.0716097 
0.0208 -0.0716009 
0.020825 -0.0715923 
0.02085 -0.0715836 
0.020875 -0.0715749 
0.0209 -0.0715663 
0.020925 -0.0715578 
0.02095 -0.0715492 
0.020975 -0.0715407 
0.021 -0.0715322 
0.021025 -0.0715237 
0.02105 -0.0715153 
0.021075 -0.0715069 
0.0211 -0.0714986 
0.021125 -0.0714902 
0.02115 -0.0714819 
0.021175 -0.0714736 
0.0212 -0.0714653 
0.021225 -0.0714571 
0.02125 -0.0714489 
0.021275 -0.0714408 
0.0213 -0.0714326 
0.021325 -0.0714245 
0.02135 -0.0714164 
0.021375 -0.0714083 
0.0214 -0.0714003 
0.021425 -0.0713924 
0.02145 -0.0713844 
0.021475 -0.0713764 
0.0215 -0.0713685 
0.021525 -0.0713606 
0.02155 -0.0713528 
0.021575 -0.071345 
0.0216 -0.0713372 
0.021625 -0.0713294 
0.02165 -0.0713216 
0.021675 -0.0713139 
0.0217 -0.0713062 
0.021725 -0.0712986 
0.02175 -0.071291 
0.021775 -0.0712833 
0.0218 -0.0712758 
0.021825 -0.0712682 
0.02185 -0.0712607 
0.021875 -0.0712532 
0.0219 -0.0712458 
0.021925 -0.0712383 
0.02195 -0.0712309 
0.021975 -0.0712235 
0.022 -0.0712161 
0.022025 -0.0712088 
0.02205 -0.0712015 
0.022075 -0.0711943 
0.0221 -0.071187 
0.022125 -0.0711798 
0.02215 -0.0711726 
0.022175 -0.0711654 
0.0222 -0.0711583 
0.022225 -0.0711512 
0.02225 -0.0711441 
0.022275 -0.0711371 
0.0223 -0.07113 
0.022325 -0.071123 
0.02235 -0.071116 
0.022375 -0.0711091 
0.0224 -0.0711022 
0.022425 -0.0710953 
0.02245 -0.0710884 
0.022475 -0.0710816 
0.0225 -0.0710747 
0.022525 -0.0710679 
0.02255 -0.0710612 
0.022575 -0.0710544 
0.0226 -0.0710478 
0.022625 -0.0710411 
0.02265 -0.0710344 
0.022675 -0.0710277 
0.0227 -0.0710211 
0.022725 -0.0710145 
0.02275 -0.071008 
0.022775 -0.0710015 
0.0228 -0.070995 
0.022825 -0.0709885 
0.02285 -0.070982 
0.022875 -0.0709756 
0.0229 -0.0709692 
0.022925 -0.0709628 
0.02295 -0.0709565 
0.022975 -0.0709502 
0.023 -0.0709439 
0.023025 -0.0709377 
0.02305 -0.0709314 
0.023075 -0.0709252 
0.0231 -0.070919 
0.023125 -0.0709128 
0.02315 -0.0709067 
0.023175 -0.0709006 
0.0232 -0.0708945 
0.023225 -0.0708885 
0.02325 -0.0708824 
0.023275 -0.0708764 
0.0233 -0.0708704 
0.023325 -0.0708645 
0.02335 -0.0708585 
0.023375 -0.0708527 
0.0234 -0.0708468 
0.023425 -0.070841 
0.02345 -0.0708351 
0.023475 -0.0708293 
0.0235 -0.0708235 
0.023525 -0.0708178 
0.02355 -0.070812 
0.023575 -0.0708064 
0.0236 -0.0708007 
0.023625 -0.0707951 
0.02365 -0.0707895 
0.023675 -0.0707839 
0.0237 -0.0707783 
0.023725 -0.0707727 
0.02375 -0.0707672 
0.023775 -0.0707617 
0.0238 -0.0707562 
0.023825 -0.0707508 
0.02385 -0.0707454 
0.023875 -0.07074 
0.0239 -0.0707346 
0.023925 -0.0707292 
0.02395 -0.0707239 
0.023975 -0.0707186 
0.024 -0.0707133 
0.024025 -0.0707081 
0.02405 -0.0707029 
0.024075 -0.0706977 
0.0241 -0.0706925 
0.024125 -0.0706873 
0.02415 -0.0706822 
0.024175 -0.0706771 
0.0242 -0.070672 
0.024225 -0.0706669 
0.02425 -0.0706619 
0.024275 -0.0706569 
0.0243 -0.0706519 
0.024325 -0.070647 
0.02435 -0.070642 
0.024375 -0.0706371 
0.0244 -0.0706321 
0.024425 -0.0706272 
0.02445 -0.0706224 
0.024475 -0.0706176 
0.0245 -0.0706128 
0.024525 -0.070608 
0.02455 -0.0706033 
0.024575 -0.0705986 
0.0246 -0.0705939 
0.024625 -0.0705891 
0.02465 -0.0705845 
0.024675 -0.0705798 
0.0247 -0.0705751 
0.024725 -0.0705705 
0.02475 -0.0705659 
0.024775 -0.0705614 
0.0248 -0.0705569 
0.024825 -0.0705524 
0.02485 -0.070548 
0.024875 -0.0705435 
0.0249 -0.0705391 
0.024925 -0.0705346 
0.02495 -0.0705302 
0.024975 -0.0705258 
0.025 -0.0705214 
0.025025 -0.0705171 
0.02505 -0.0705127 
0.025075 -0.0705085 
0.0251 -0.0705042 
0.025125 -0.0705 
0.02515 -0.0704959 
0.025175 -0.0704916 
0.0252 -0.0704874 
0.025225 -0.0704833 
0.02525 -0.0704791 
0.025275 -0.0704749 
0.0253 -0.0704708 
0.025325 -0.0704667 
0.02535 -0.0704627 
0.025375 -0.0704586 
0.0254 -0.0704547 
0.025425 -0.0704507 
0.02545 -0.0704468 
0.025475 -0.0704428 
0.0255 -0.0704389 
0.025525 -0.070435 
0.02555 -0.0704311 
0.025575 -0.0704272 
0.0256 -0.0704233 
0.025625 -0.0704195 
0.02565 -0.0704156 
0.025675 -0.0704118 
0.0257 -0.0704081 
0.025725 -0.0704044 
0.02575 -0.0704007 
0.025775 -0.070397 
0.0258 -0.0703933 
0.025825 -0.0703896 
0.02585 -0.070386 
0.025875 -0.0703823 
0.0259 -0.0703787 
0.025925 -0.0703751 
0.02595 -0.0703716 
0.025975 -0.070368 
0.026 -0.0703645 
0.026025 -0.0703609 
0.02605 -0.0703575 
0.026075 -0.070354 
0.0261 -0.0703506 
0.026125 -0.0703472 
0.02615 -0.0703438 
0.026175 -0.0703403 
0.0262 -0.070337 
0.026225 -0.0703336 
0.02625 -0.0703302 
0.026275 -0.0703269 
0.0263 -0.0703236 
0.026325 -0.0703203 
0.02635 -0.0703171 
0.026375 -0.0703138 
0.0264 -0.0703106 
0.026425 -0.0703074 
0.02645 -0.0703042 
0.026475 -0.0703011 
0.0265 -0.070298 
0.026525 -0.0702948 
0.02655 -0.0702917 
0.026575 -0.0702886 
0.0266 -0.0702855 
0.026625 -0.0702824 
0.02665 -0.0702794 
0.026675 -0.0702763 
0.0267 -0.0702733 
0.026725 -0.0702703 
0.02675 -0.0702674 
0.026775 -0.0702644 
0.0268 -0.0702615 
0.026825 -0.0702586 
0.02685 -0.0702557 
0.026875 -0.0702529 
0.0269 -0.07025 
0.026925 -0.0702472 
0.02695 -0.0702443 
0.026975 -0.0702415 
0.027 -0.0702387 
0.027025 -0.0702358 
0.02705 -0.0702331 
0.027075 -0.0702303 
0.0271 -0.0702276 
0.027125 -0.0702249 
0.02715 -0.0702222 
0.027175 -0.0702195 
0.0272 -0.0702169 
0.027225 -0.0702142 
0.02725 -0.0702116 
0.027275 -0.070209 
0.0273 -0.0702064 
0.027325 -0.0702039 
0.02735 -0.0702014 
0.027375 -0.0701989 
0.0274 -0.0701963 
0.027425 -0.0701938 
0.02745 -0.0701913 
0.027475 -0.0701888 
0.0275 -0.0701863 
0.027525 -0.0701838 
0.02755 -0.0701813 
0.027575 -0.0701789 
0.0276 -0.0701765 
0.027625 -0.0701741 
0.02765 -0.0701717 
0.027675 -0.0701694 
0.0277 -0.0701671 
0.027725 -0.0701648 
0.02775 -0.0701625 
0.027775 -0.0701602 
0.0278 -0.070158 
0.027825 -0.0701557 
0.02785 -0.0701535 
0.027875 -0.0701513 
0.0279 -0.0701491 
0.027925 -0.0701469 
0.02795 -0.0701447 
0.027975 -0.0701425 
0.028 -0.0701403 
0.028025 -0.0701381 
0.02805 -0.0701359 
0.028075 -0.0701338 
0.0281 -0.0701317 
0.028125 -0.0701296 
0.02815 -0.0701275 
0.028175 -0.0701255 
0.0282 -0.0701234 
0.028225 -0.0701214 
0.02825 -0.0701194 
0.028275 -0.0701174 
0.0283 -0.0701155 
0.028325 -0.0701135 
0.02835 -0.0701116 
0.028375 -0.0701097 
0.0284 -0.0701078 
0.028425 -0.070106 
0.02845 -0.0701041 
0.028475 -0.0701023 
0.0285 -0.0701004 
0.028525 -0.0700986 
0.02855 -0.0700967 
0.028575 -0.0700949 
0.0286 -0.070093 
0.028625 -0.0700911 
0.02865 -0.0700893 
0.028675 -0.0700875 
0.0287 -0.0700857 
0.028725 -0.0700839 
0.02875 -0.0700822 
0.028775 -0.0700805 
0.0288 -0.0700788 
0.028825 -0.0700771 
0.02885 -0.0700754 
0.028875 -0.0700738 
0.0289 -0.0700721 
0.028925 -0.0700705 
0.02895 -0.0700689 
0.028975 -0.0700673 
0.029 -0.0700657 
0.029025 -0.0700641 
0.02905 -0.0700625 
0.029075 -0.070061 
0.0291 -0.0700595 
0.029125 -0.070058 
0.02915 -0.0700565 
0.029175 -0.070055 
0.0292 -0.0700535 
0.029225 -0.0700521 
0.02925 -0.0700506 
0.029275 -0.0700492 
0.0293 -0.0700477 
0.029325 -0.0700462 
0.02935 -0.0700447 
0.029375 -0.0700433 
0.0294 -0.0700418 
0.029425 -0.0700403 
0.02945 -0.0700389 
0.029475 -0.0700375 
0.0295 -0.0700361 
0.029525 -0.0700347 
0.02955 -0.0700333 
0.029575 -0.070032 
0.0296 -0.0700307 
0.029625 -0.0700294 
0.02965 -0.0700281 
0.029675 -0.0700269 
0.0297 -0.0700256 
0.029725 -0.0700244 
0.02975 -0.0700232 
0.029775 -0.070022 
0.0298 -0.0700208 
0.029825 -0.0700196 
0.02985 -0.0700184 
0.029875 -0.0700173 
0.0299 -0.0700162 
0.029925 -0.070015 
0.02995 -0.0700139 
0.029975 -0.0700128 
0.03 -0.0700117 
0.030025 -0.0700106 
0.03005 -0.0700095 
0.030075 -0.0700085 
0.0301 -0.0700074 
0.030125 -0.0700063 
0.03015 -0.0700053 
0.030175 -0.0700043 
0.0302 -0.0700032 
0.030225 -0.0700022 
0.03025 -0.0700012 
0.030275 -0.0700002 
0.0303 -0.0699992 
0.030325 -0.0699982 
0.03035 -0.0699972 
0.030375 -0.0699961 
0.0304 -0.0699951 
0.030425 -0.0699941 
0.03045 -0.0699931 
0.030475 -0.0699921 
0.0305 -0.0699911 
0.030525 -0.0699901 
0.03055 -0.0699892 
0.030575 -0.0699882 
0.0306 -0.0699873 
0.030625 -0.0699864 
0.03065 -0.0699855 
0.030675 -0.0699846 
0.0307 -0.0699837 
0.030725 -0.0699828 
0.03075 -0.069982 
0.030775 -0.0699811 
0.0308 -0.0699803 
0.030825 -0.0699795 
0.03085 -0.0699787 
0.030875 -0.069978 
0.0309 -0.0699772 
0.030925 -0.0699764 
0.03095 -0.0699757 
0.030975 -0.069975 
0.031 -0.0699742 
0.031025 -0.0699735 
0.03105 -0.0699728 
0.031075 -0.0699721 
0.0311 -0.0699714 
0.031125 -0.0699707 
0.03115 -0.06997 
0.031175 -0.0699694 
0.0312 -0.0699687 
0.031225 -0.069968 
0.03125 -0.0699674 
0.031275 -0.0699668 
0.0313 -0.0699662 
0.031325 -0.0699655 
0.03135 -0.0699649 
0.031375 -0.0699644 
0.0314 -0.0699638 
0.031425 -0.0699632 
0.03145 -0.0699626 
0.031475 -0.0699621 
0.0315 -0.0699616 
0.031525 -0.069961 
0.03155 -0.0699605 
0.031575 -0.06996 
0.0316 -0.0699595 
0.031625 -0.069959 
0.03165 -0.0699585 
0.031675 -0.069958 
0.0317 -0.0699575 
0.031725 -0.069957 
0.03175 -0.0699566 
0.031775 -0.0699561 
0.0318 -0.0699557 
0.031825 -0.0699553 
0.03185 -0.0699548 
0.031875 -0.0699544 
0.0319 -0.069954 
0.031925 -0.0699536 
0.03195 -0.0699532 
0.031975 -0.0699528 
0.032 -0.0699524 
0.032025 -0.069952 
0.03205 -0.0699517 
0.032075 -0.0699513 
0.0321 -0.0699509 
0.032125 -0.0699506 
0.03215 -0.0699502 
0.032175 -0.0699499 
0.0322 -0.0699495 
0.032225 -0.069949 
0.03225 -0.0699486 
0.032275 -0.0699481 
0.0323 -0.0699477 
0.032325 -0.0699472 
0.03235 -0.0699468 
0.032375 -0.0699464 
0.0324 -0.0699459 
0.032425 -0.0699455 
0.03245 -0.0699452 
0.032475 -0.0699448 
0.0325 -0.0699444 
0.032525 -0.0699441 
0.03255 -0.0699438 
0.032575 -0.0699434 
0.0326 -0.0699431 
0.032625 -0.0699428 
0.03265 -0.0699425 
0.032675 -0.0699423 
0.0327 -0.069942 
0.032725 -0.0699417 
0.03275 -0.0699415 
0.032775 -0.0699412 
0.0328 -0.069941 
0.032825 -0.0699408 
0.03285 -0.0699405 
0.032875 -0.0699403 
0.0329 -0.0699401 
0.032925 -0.0699399 
0.03295 -0.0699397 
0.032975 -0.0699395 
0.033 -0.0699394 
0.033025 -0.0699392 
0.03305 -0.069939 
0.033075 -0.0699388 
0.0331 -0.0699387 
0.033125 -0.0699385 
0.03315 -0.0699384 
0.033175 -0.0699383 
0.0332 -0.0699381 
0.033225 -0.069938 
0.03325 -0.0699379 
0.033275 -0.0699377 
0.0333 -0.0699376 
0.033325 -0.0699375 
0.03335 -0.0699374 
0.033375 -0.0699373 
0.0334 -0.0699372 
0.033425 -0.0699371 
0.03345 -0.0699371 
0.033475 -0.069937 
0.0335 -0.0699369 
0.033525 -0.0699368 
0.03355 -0.0699368 
0.033575 -0.0699367 
0.0336 -0.0699367 
0.033625 -0.0699366 
0.03365 -0.0699366 
0.033675 -0.0699365 
0.0337 -0.0699365 
0.033725 -0.0699364 
0.03375 -0.0699364 
0.033775 -0.0699364 
0.0338 -0.0699364 
0.033825 -0.0699363 
0.03385 -0.0699363 
0.033875 -0.0699363 
0.0339 -0.0699363 
0.033925 -0.0699363 
0.03395 -0.0699363 
0.033975 -0.0699363 
0.034 -0.0699363 
0.034025 -0.0699363 
0.03405 -0.0699364 
0.034075 -0.0699364 
0.0341 -0.0699364 
0.034125 -0.0699364 
0.03415 -0.0699365 
0.034175 -0.0699365 
0.0342 -0.0699365 
0.034225 -0.0699366 
0.03425 -0.0699366 
0.034275 -0.0699367 
0.0343 -0.0699367 
0.034325 -0.0699368 
0.03435 -0.0699369 
0.034375 -0.0699369 
0.0344 -0.069937 
0.034425 -0.0699371 
0.03445 -0.0699371 
0.034475 -0.0699372 
0.0345 -0.0699373 
0.034525 -0.0699374 
0.03455 -0.0699374 
0.034575 -0.0699375 
0.0346 -0.0699376 
0.034625 -0.0699377 
0.03465 -0.0699378 
0.034675 -0.0699379 
0.0347 -0.069938 
0.034725 -0.0699381 
0.03475 -0.0699382 
0.034775 -0.0699383 
0.0348 -0.0699385 
0.034825 -0.0699386 
0.03485 -0.0699387 
0.034875 -0.0699388 
0.0349 -0.0699389 
0.034925 -0.0699391 
0.03495 -0.0699392 
0.034975 -0.0699393 
0.035 -0.0699395 
0.035025 -0.0699396 
0.03505 -0.0699398 
0.035075 -0.0699399 
0.0351 -0.0699401 
0.035125 -0.0699403 
0.03515 -0.0699404 
0.035175 -0.0699406 
0.0352 -0.0699408 
0.035225 -0.0699409 
0.03525 -0.0699411 
0.035275 -0.0699413 
0.0353 -0.0699415 
0.035325 -0.0699416 
0.03535 -0.0699418 
0.035375 -0.069942 
0.0354 -0.0699422 
0.035425 -0.0699424 
0.03545 -0.0699425 
0.035475 -0.0699427 
0.0355 -0.0699429 
0.035525 -0.0699431 
0.03555 -0.0699433 
0.035575 -0.0699435 
0.0356 -0.0699437 
0.035625 -0.0699439 
0.03565 -0.0699441 
0.035675 -0.0699443 
0.0357 -0.0699445 
0.035725 -0.0699447 
0.03575 -0.0699449 
0.035775 -0.0699451 
0.0358 -0.0699453 
0.035825 -0.0699455 
0.03585 -0.0699457 
0.035875 -0.0699459 
0.0359 -0.0699461 
0.035925 -0.0699464 
0.03595 -0.0699466 
0.035975 -0.0699468 
0.036 -0.069947 
0.036025 -0.0699472 
0.03605 -0.0699475 
0.036075 -0.0699477 
0.0361 -0.0699479 
0.036125 -0.0699481 
0.03615 -0.0699484 
0.036175 -0.0699486 
0.0362 -0.0699488 
0.036225 -0.0699491 
0.03625 -0.0699493 
0.036275 -0.0699496 
0.0363 -0.0699498 
0.036325 -0.0699501 
0.03635 -0.0699504 
0.036375 -0.0699508 
0.0364 -0.0699511 
0.036425 -0.0699515 
0.03645 -0.0699519 
0.036475 -0.0699523 
0.0365 -0.0699527 
0.036525 -0.0699531 
0.03655 -0.0699534 
0.036575 -0.0699538 
0.0366 -0.0699542 
0.036625 -0.0699545 
0.03665 -0.0699549 
0.036675 -0.0699552 
0.0367 -0.0699555 
0.036725 -0.0699559 
0.03675 -0.0699562 
0.036775 -0.0699565 
0.0368 -0.0699568 
0.036825 -0.0699572 
0.03685 -0.0699575 
0.036875 -0.0699578 
0.0369 -0.0699581 
0.036925 -0.0699584 
0.03695 -0.0699587 
0.036975 -0.069959 
0.037 -0.0699593 
0.037025 -0.0699596 
0.03705 -0.0699599 
0.037075 -0.0699602 
0.0371 -0.0699605 
0.037125 -0.0699608 
0.03715 -0.0699611 
0.037175 -0.0699614 
0.0372 -0.0699617 
0.037225 -0.069962 
0.03725 -0.0699623 
0.037275 -0.0699626 
0.0373 -0.0699629 
0.037325 -0.0699632 
0.03735 -0.0699635 
0.037375 -0.0699638 
0.0374 -0.0699641 
0.037425 -0.0699644 
0.03745 -0.0699647 
0.037475 -0.0699649 
0.0375 -0.0699652 
0.037525 -0.0699655 
0.03755 -0.0699658 
0.037575 -0.0699661 
0.0376 -0.0699664 
0.037625 -0.0699667 
0.03765 -0.069967 
0.037675 -0.0699673 
0.0377 -0.0699676 
0.037725 -0.0699679 
0.03775 -0.0699682 
0.037775 -0.0699685 
0.0378 -0.0699688 
0.037825 -0.0699691 
0.03785 -0.0699694 
0.037875 -0.0699696 
0.0379 -0.0699699 
0.037925 -0.0699702 
0.03795 -0.0699705 
0.037975 -0.0699708 
0.038 -0.0699711 
0.038025 -0.0699714 
0.03805 -0.0699717 
0.038075 -0.069972 
0.0381 -0.0699723 
0.038125 -0.0699725 
0.03815 -0.0699728 
0.038175 -0.0699731 
0.0382 -0.0699734 
0.038225 -0.0699737 
0.03825 -0.069974 
0.038275 -0.0699743 
0.0383 -0.0699746 
0.038325 -0.069975 
0.03835 -0.0699753 
0.038375 -0.0699756 
0.0384 -0.0699759 
0.038425 -0.0699762 
0.03845 -0.0699765 
0.038475 -0.0699768 
0.0385 -0.0699771 
0.038525 -0.0699774 
0.03855 -0.0699777 
0.038575 -0.069978 
0.0386 -0.0699783 
0.038625 -0.0699786 
0.03865 -0.0699789 
0.038675 -0.0699792 
0.0387 -0.0699795 
0.038725 -0.0699798 
0.03875 -0.06998 
0.038775 -0.0699803 
0.0388 -0.0699806 
0.038825 -0.0699809 
0.03885 -0.0699812 
0.038875 -0.0699815 
0.0389 -0.0699818 
0.038925 -0.0699821 
0.03895 -0.0699824 
0.038975 -0.0699827 
0.039 -0.069983 
0.039025 -0.0699833 
0.03905 -0.0699836 
0.039075 -0.0699839 
0.0391 -0.0699842 
0.039125 -0.0699844 
0.03915 -0.0699847 
0.039175 -0.069985 
0.0392 -0.0699853 
0.039225 -0.0699856 
0.03925 -0.0699859 
0.039275 -0.0699861 
0.0393 -0.0699864 
0.039325 -0.0699867 
0.03935 -0.069987 
0.039375 -0.0699873 
0.0394 -0.0699876 
0.039425 -0.0699878 
0.03945 -0.0699881 
0.039475 -0.0699884 
0.0395 -0.0699887 
0.039525 -0.069989 
0.03955 -0.0699892 
0.039575 -0.0699895 
0.0396 -0.0699898 
0.039625 -0.0699901 
0.03965 -0.0699904 
0.039675 -0.0699908 
0.0397 -0.0699911 
0.039725 -0.0699914 
0.03975 -0.0699916 
0.039775 -0.0699919 
0.0398 -0.0699922 
0.039825 -0.0699925 
0.03985 -0.0699928 
0.039875 -0.0699931 
0.0399 -0.0699934 
0.039925 -0.0699937 
0.03995 -0.0699939 
0.039975 -0.0699942 
0.04 -0.0699945 
0.040025 -0.0699948 
0.04005 -0.069995 
0.040075 -0.0699953 
0.0401 -0.0699956 
0.040125 -0.0699958 
0.04015 -0.0699961 
0.040175 -0.0699964 
0.0402 -0.0699966 
0.040225 -0.0699969 
0.04025 -0.0699972 
0.040275 -0.0699974 
0.0403 -0.0699977 
0.040325 -0.0699979 
0.04035 -0.0699982 
0.040375 -0.0699985 
0.0404 -0.0699987 
0.040425 -0.069999 
0.04045 -0.0699992 
0.040475 -0.0699995 
0.0405 -0.0699997 
0.040525 -0.07 
0.04055 -0.0700003 
0.040575 -0.0700006 
0.0406 -0.0700009 
0.040625 -0.0700013 
0.04065 -0.0700016 
0.040675 -0.070002 
0.0407 -0.0700023 
0.040725 -0.0700027 
0.04075 -0.070003 
0.040775 -0.0700033 
0.0408 -0.0700036 
0.040825 -0.070004 
0.04085 -0.0700043 
0.040875 -0.0700046 
0.0409 -0.0700048 
0.040925 -0.0700051 
0.04095 -0.0700054 
0.040975 -0.0700057 
0.041 -0.070006 
0.041025 -0.0700062 
0.04105 -0.0700065 
0.041075 -0.0700067 
0.0411 -0.070007 
0.041125 -0.0700073 
0.04115 -0.0700075 
0.041175 -0.0700078 
0.0412 -0.070008 
0.041225 -0.0700083 
0.04125 -0.0700085 
0.041275 -0.0700088 
0.0413 -0.070009 
0.041325 -0.0700093 
0.04135 -0.0700096 
0.041375 -0.0700098 
0.0414 -0.0700101 
0.041425 -0.0700103 
0.04145 -0.0700106 
0.041475 -0.0700108 
0.0415 -0.0700111 
0.041525 -0.0700113 
0.04155 -0.0700115 
0.041575 -0.0700118 
0.0416 -0.070012 
0.041625 -0.0700122 
0.04165 -0.0700125 
0.041675 -0.0700127 
0.0417 -0.0700129 
0.041725 -0.0700131 
0.04175 -0.0700133 
0.041775 -0.0700136 
0.0418 -0.0700138 
0.041825 -0.070014 
0.04185 -0.0700142 
0.041875 -0.0700144 
0.0419 -0.0700146 
0.041925 -0.0700148 
0.04195 -0.070015 
0.041975 -0.0700152 
0.042 -0.0700154 
0.042025 -0.0700156 
0.04205 -0.0700158 
0.042075 -0.070016 
0.0421 -0.0700162 
0.042125 -0.0700164 
0.04215 -0.0700165 
0.042175 -0.0700167 
0.0422 -0.0700169 
0.042225 -0.0700171 
0.04225 -0.0700173 
0.042275 -0.0700175 
0.0423 -0.0700176 
0.042325 -0.0700178 
0.04235 -0.070018 
0.042375 -0.0700182 
0.0424 -0.0700184 
0.042425 -0.0700185 
0.04245 -0.0700187 
0.042475 -0.0700189 
0.0425 -0.070019 
0.042525 -0.0700192 
0.04255 -0.0700194 
0.042575 -0.0700196 
0.0426 -0.0700197 
0.042625 -0.0700199 
0.04265 -0.07002 
0.042675 -0.0700202 
0.0427 -0.0700204 
0.042725 -0.0700205 
0.04275 -0.0700207 
0.042775 -0.0700208 
0.0428 -0.070021 
0.042825 -0.0700211 
0.04285 -0.0700213 
0.042875 -0.0700214 
0.0429 -0.0700216 
0.042925 -0.0700217 
0.04295 -0.0700219 
0.042975 -0.070022 
0.043 -0.0700222 
0.043025 -0.0700223 
0.04305 -0.0700224 
0.043075 -0.0700226 
0.0431 -0.0700227 
0.043125 -0.0700228 
0.04315 -0.070023 
0.043175 -0.0700231 
0.0432 -0.0700232 
0.043225 -0.0700234 
0.04325 -0.0700235 
0.043275 -0.0700236 
0.0433 -0.0700238 
0.043325 -0.0700239 
0.04335 -0.070024 
0.043375 -0.0700242 
0.0434 -0.0700243 
0.043425 -0.0700245 
0.04345 -0.0700246 
0.043475 -0.0700247 
0.0435 -0.0700249 
0.043525 -0.070025 
0.04355 -0.0700251 
0.043575 -0.0700253 
0.0436 -0.0700254 
0.043625 -0.0700255 
0.04365 -0.0700256 
0.043675 -0.0700258 
0.0437 -0.0700259 
0.043725 -0.070026 
0.04375 -0.0700261 
0.043775 -0.0700262 
0.0438 -0.0700263 
0.043825 -0.0700264 
0.04385 -0.0700265 
0.043875 -0.0700266 
0.0439 -0.0700267 
0.043925 -0.0700268 
0.04395 -0.0700269 
0.043975 -0.070027 
0.044 -0.0700271 
0.044025 -0.0700272 
0.04405 -0.0700273 
0.044075 -0.0700274 
0.0441 -0.0700275 
0.044125 -0.0700276 
0.04415 -0.0700277 
0.044175 -0.0700277 
0.0442 -0.0700278 
0.044225 -0.0700279 
0.04425 -0.070028 
0.044275 -0.0700281 
0.0443 -0.0700282 
0.044325 -0.0700283 
0.04435 -0.0700284 
0.044375 -0.0700285 
0.0444 -0.0700285 
0.044425 -0.0700286 
0.04445 -0.0700287 
0.044475 -0.0700288 
0.0445 -0.0700289 
0.044525 -0.0700289 
0.04455 -0.070029 
0.044575 -0.0700291 
0.0446 -0.0700291 
0.044625 -0.0700292 
0.04465 -0.0700293 
0.044675 -0.0700293 
0.0447 -0.0700294 
0.044725 -0.0700295 
0.04475 -0.0700295 
0.044775 -0.0700296 
0.0448 -0.0700296 
0.044825 -0.0700297 
0.04485 -0.0700298 
0.044875 -0.0700298 
0.0449 -0.0700299 
0.044925 -0.0700299 
0.04495 -0.07003 
0.044975 -0.07003 
0.045 -0.0700301 
0.045025 -0.0700301 
0.04505 -0.0700302 
0.045075 -0.0700302 
0.0451 -0.0700302 
0.045125 -0.0700303 
0.04515 -0.0700303 
0.045175 -0.0700304 
0.0452 -0.0700304 
0.045225 -0.0700305 
0.04525 -0.0700305 
0.045275 -0.0700305 
0.0453 -0.0700306 
0.045325 -0.0700306 
0.04535 -0.0700306 
0.045375 -0.0700307 
0.0454 -0.0700307 
0.045425 -0.0700307 
0.04545 -0.0700308 
0.045475 -0.0700308 
0.0455 -0.0700308 
0.045525 -0.0700308 
0.04555 -0.0700309 
0.045575 -0.0700309 
0.0456 -0.0700309 
0.045625 -0.0700309 
0.04565 -0.070031 
0.045675 -0.070031 
0.0457 -0.070031 
0.045725 -0.070031 
0.04575 -0.070031 
0.045775 -0.070031 
0.0458 -0.0700311 
0.045825 -0.0700311 
0.04585 -0.0700311 
0.045875 -0.0700311 
0.0459 -0.0700311 
0.045925 -0.0700311 
0.04595 -0.0700311 
0.045975 -0.0700311 
0.046 -0.0700311 
0.046025 -0.0700312 
0.04605 -0.0700312 
0.046075 -0.0700312 
0.0461 -0.0700312 
0.046125 -0.0700312 
0.04615 -0.0700312 
0.046175 -0.0700312 
0.0462 -0.0700312 
0.046225 -0.0700312 
0.04625 -0.0700312 
0.046275 -0.0700312 
0.0463 -0.0700311 
0.046325 -0.0700311 
0.04635 -0.0700311 
0.046375 -0.0700311 
0.0464 -0.0700311 
0.046425 -0.0700311 
0.04645 -0.0700311 
0.046475 -0.0700311 
0.0465 -0.0700311 
0.046525 -0.0700311 
0.04655 -0.070031 
0.046575 -0.070031 
0.0466 -0.070031 
0.046625 -0.070031 
0.04665 -0.070031 
0.046675 -0.070031 
0.0467 -0.0700309 
0.046725 -0.0700309 
0.04675 -0.0700309 
0.046775 -0.0700309 
0.0468 -0.0700309 
0.046825 -0.0700308 
0.04685 -0.0700308 
0.046875 -0.0700308 
0.0469 -0.0700308 
0.046925 -0.0700308 
0.04695 -0.0700307 
0.046975 -0.0700307 
0.047 -0.0700307 
0.047025 -0.0700306 
0.04705 -0.0700306 
0.047075 -0.0700306 
0.0471 -0.0700306 
0.047125 -0.0700305 
0.04715 -0.0700305 
0.047175 -0.0700305 
0.0472 -0.0700304 
0.047225 -0.0700304 
0.04725 -0.0700304 
0.047275 -0.0700303 
0.0473 -0.0700303 
0.047325 -0.0700303 
0.04735 -0.0700302 
0.047375 -0.0700302 
0.0474 -0.0700302 
0.047425 -0.0700301 
0.04745 -0.0700301 
0.047475 -0.07003 
0.0475 -0.07003 
0.047525 -0.07003 
0.04755 -0.0700299 
0.047575 -0.0700299 
0.0476 -0.0700298 
0.047625 -0.0700298 
0.04765 -0.0700298 
0.047675 -0.0700297 
0.0477 -0.0700296 
0.047725 -0.0700296 
0.04775 -0.0700295 
0.047775 -0.0700295 
0.0478 -0.0700294 
0.047825 -0.0700294 
0.04785 -0.0700293 
0.047875 -0.0700292 
0.0479 -0.0700292 
0.047925 -0.0700291 
0.04795 -0.0700291 
0.047975 -0.070029 
0.048 -0.0700289 
0.048025 -0.0700289 
0.04805 -0.0700288 
0.048075 -0.0700288 
0.0481 -0.0700287 
0.048125 -0.0700286 
0.04815 -0.0700286 
0.048175 -0.0700285 
0.0482 -0.0700284 
0.048225 -0.0700284 
0.04825 -0.0700283 
0.048275 -0.0700282 
0.0483 -0.0700282 
0.048325 -0.0700281 
0.04835 -0.070028 
0.048375 -0.070028 
0.0484 -0.0700279 
0.048425 -0.0700278 
0.04845 -0.0700278 
0.048475 -0.0700277 
0.0485 -0.0700276 
0.048525 -0.0700276 
0.04855 -0.0700275 
0.048575 -0.0700274 
0.0486 -0.0700274 
0.048625 -0.0700273 
0.04865 -0.0700272 
0.048675 -0.0700271 
0.0487 -0.0700271 
0.048725 -0.070027 
0.04875 -0.0700269 
0.048775 -0.0700269 
0.0488 -0.0700268 
0.048825 -0.0700267 
0.04885 -0.0700266 
0.048875 -0.0700266 
0.0489 -0.0700265 
0.048925 -0.0700264 
0.04895 -0.0700263 
0.048975 -0.0700263 
0.049 -0.0700262 
0.049025 -0.0700261 
0.04905 -0.070026 
0.049075 -0.070026 
0.0491 -0.0700259 
0.049125 -0.0700258 
0.04915 -0.0700257 
0.049175 -0.0700257 
0.0492 -0.0700256 
0.049225 -0.0700255 
0.04925 -0.0700254 
0.049275 -0.0700253 
0.0493 -0.0700253 
0.049325 -0.0700252 
0.04935 -0.0700251 
0.049375 -0.070025 
0.0494 -0.0700249 
0.049425 -0.0700249 
0.04945 -0.0700248 
0.049475 -0.0700247 
0.0495 -0.0700246 
0.049525 -0.0700245 
0.04955 -0.0700244 
0.049575 -0.0700244 
0.0496 -0.0700243 
0.049625 -0.0700242 
0.04965 -0.0700241 
0.049675 -0.070024 
0.0497 -0.070024 
0.049725 -0.0700239 
0.04975 -0.0700238 
0.049775 -0.0700237 
0.0498 -0.0700236 
0.049825 -0.0700235 
0.04985 -0.0700234 
0.049875 -0.0700234 
0.0499 -0.0700233 
0.049925 -0.0700232 
0.04995 -0.0700231 
0.049975 -0.070023 
0.05 -0.0700229 
0.050025 -0.0700228 
0.05005 -0.0700227 
0.050075 -0.0700226 
0.0501 -0.0700225 
0.050125 -0.0700224 
0.05015 -0.0700223 
0.050175 -0.0700222 
0.0502 -0.070022 
0.050225 -0.0700219 
0.05025 -0.0700218 
0.050275 -0.0700217 
0.0503 -0.0700216 
0.050325 -0.0700215 
0.05035 -0.0700214 
0.050375 -0.0700213 
0.0504 -0.0700212 
0.050425 -0.0700211 
0.05045 -0.070021 
0.050475 -0.0700209 
0.0505 -0.0700208 
0.050525 -0.0700207 
0.05055 -0.0700206 
0.050575 -0.0700206 
0.0506 -0.0700205 
0.050625 -0.0700204 
0.05065 -0.0700203 
0.050675 -0.0700202 
0.0507 -0.0700201 
0.050725 -0.07002 
0.05075 -0.0700199 
0.050775 -0.0700198 
0.0508 -0.0700197 
0.050825 -0.0700196 
0.05085 -0.0700195 
0.050875 -0.0700194 
0.0509 -0.0700193 
0.050925 -0.0700192 
0.05095 -0.0700191 
0.050975 -0.070019 
0.051 -0.070019 
0.051025 -0.0700189 
0.05105 -0.0700188 
0.051075 -0.0700187 
0.0511 -0.0700186 
0.051125 -0.0700185 
0.05115 -0.0700184 
0.051175 -0.0700183 
0.0512 -0.0700182 
0.051225 -0.0700181 
0.05125 -0.070018 
0.051275 -0.0700179 
0.0513 -0.0700178 
0.051325 -0.0700178 
0.05135 -0.0700177 
0.051375 -0.0700176 
0.0514 -0.0700175 
0.051425 -0.0700174 
0.05145 -0.0700173 
0.051475 -0.0700172 
0.0515 -0.0700171 
0.051525 -0.070017 
0.05155 -0.0700169 
0.051575 -0.0700169 
0.0516 -0.0700168 
0.051625 -0.0700167 
0.05165 -0.0700166 
0.051675 -0.0700165 
0.0517 -0.0700164 
0.051725 -0.0700163 
0.05175 -0.0700162 
0.051775 -0.0700161 
0.0518 -0.070016 
0.051825 -0.070016 
0.05185 -0.0700159 
0.051875 -0.0700158 
0.0519 -0.0700157 
0.051925 -0.0700156 
0.05195 -0.0700155 
0.051975 -0.0700154 
0.052 -0.0700153 
0.052025 -0.0700152 
0.05205 -0.0700152 
0.052075 -0.0700151 
0.0521 -0.070015 
0.052125 -0.0700149 
0.05215 -0.0700148 
0.052175 -0.0700147 
0.0522 -0.0700146 
0.052225 -0.0700145 
0.05225 -0.0700145 
0.052275 -0.0700144 
0.0523 -0.0700143 
0.052325 -0.0700142 
0.05235 -0.0700141 
0.052375 -0.070014 
0.0524 -0.0700139 
0.052425 -0.0700139 
0.05245 -0.0700138 
0.052475 -0.0700137 
0.0525 -0.0700136 
0.052525 -0.0700135 
0.05255 -0.0700134 
0.052575 -0.0700134 
0.0526 -0.0700133 
0.052625 -0.0700132 
0.05265 -0.0700131 
0.052675 -0.070013 
0.0527 -0.0700129 
0.052725 -0.0700128 
0.05275 -0.0700128 
0.052775 -0.0700127 
0.0528 -0.0700126 
0.052825 -0.0700125 
0.05285 -0.0700124 
0.052875 -0.0700123 
0.0529 -0.0700122 
0.052925 -0.0700121 
0.05295 -0.0700121 
0.052975 -0.070012 
0.053 -0.0700119 
0.053025 -0.0700118 
0.05305 -0.0700117 
0.053075 -0.0700116 
0.0531 -0.0700116 
0.053125 -0.0700115 
0.05315 -0.0700114 
0.053175 -0.0700113 
0.0532 -0.0700112 
0.053225 -0.0700112 
0.05325 -0.0700111 
0.053275 -0.070011 
0.0533 -0.0700109 
0.053325 -0.0700108 
0.05335 -0.0700108 
0.053375 -0.0700107 
0.0534 -0.0700106 
0.053425 -0.0700105 
0.05345 -0.0700105 
0.053475 -0.0700104 
0.0535 -0.0700103 
0.053525 -0.0700102 
0.05355 -0.0700102 
0.053575 -0.0700101 
0.0536 -0.07001 
0.053625 -0.0700099 
0.05365 -0.0700099 
0.053675 -0.0700098 
0.0537 -0.0700097 
0.053725 -0.0700096 
0.05375 -0.0700096 
0.053775 -0.0700095 
0.0538 -0.0700094 
0.053825 -0.0700094 
0.05385 -0.0700093 
0.053875 -0.0700092 
0.0539 -0.0700092 
0.053925 -0.0700091 
0.05395 -0.070009 
0.053975 -0.070009 
0.054 -0.0700089 
0.054025 -0.0700088 
0.05405 -0.0700088 
0.054075 -0.0700087 
0.0541 -0.0700086 
0.054125 -0.0700086 
0.05415 -0.0700085 
0.054175 -0.0700084 
0.0542 -0.0700084 
0.054225 -0.0700083 
0.05425 -0.0700083 
0.054275 -0.0700082 
0.0543 -0.0700081 
0.054325 -0.0700081 
0.05435 -0.070008 
0.054375 -0.0700079 
0.0544 -0.0700079 
0.054425 -0.0700078 
0.05445 -0.0700078 
0.054475 -0.0700077 
0.0545 -0.0700076 
0.054525 -0.0700076 
0.05455 -0.0700075 
0.054575 -0.0700075 
0.0546 -0.0700074 
0.054625 -0.0700074 
0.05465 -0.0700073 
0.054675 -0.0700072 
0.0547 -0.0700072 
0.054725 -0.0700071 
0.05475 -0.0700071 
0.054775 -0.070007 
0.0548 -0.070007 
0.054825 -0.0700069 
0.05485 -0.0700069 
0.054875 -0.0700068 
0.0549 -0.0700068 
0.054925 -0.0700067 
0.05495 -0.0700067 
0.054975 -0.0700066 
0.055 -0.0700066 
0.055025 -0.0700065 
0.05505 -0.0700065 
0.055075 -0.0700064 
0.0551 -0.0700064 
0.055125 -0.0700063 
0.05515 -0.0700063 
0.055175 -0.0700062 
0.0552 -0.0700062 
0.055225 -0.0700061 
0.05525 -0.0700061 
0.055275 -0.0700061 
0.0553 -0.070006 
0.055325 -0.070006 
0.05535 -0.0700059 
0.055375 -0.0700059 
0.0554 -0.0700059 
0.055425 -0.0700058 
0.05545 -0.0700058 
0.055475 -0.0700057 
0.0555 -0.0700057 
0.055525 -0.0700057 
0.05555 -0.0700056 
0.055575 -0.0700056 
0.0556 -0.0700056 
0.055625 -0.0700055 
0.05565 -0.0700055 
0.055675 -0.0700055 
0.0557 -0.0700054 
0.055725 -0.0700054 
0.05575 -0.0700054 
0.055775 -0.0700053 
0.0558 -0.0700053 
0.055825 -0.0700053 
0.05585 -0.0700052 
0.055875 -0.0700052 
0.0559 -0.0700052 
0.055925 -0.0700051 
0.05595 -0.0700051 
0.055975 -0.0700051 
0.056 -0.0700051 
0.056025 -0.070005 
0.05605 -0.070005 
0.056075 -0.070005 
0.0561 -0.070005 
0.056125 -0.0700049 
0.05615 -0.0700049 
0.056175 -0.0700049 
0.0562 -0.0700049 
0.056225 -0.0700048 
0.05625 -0.0700048 
0.056275 -0.0700048 
0.0563 -0.0700047 
0.056325 -0.0700047 
0.05635 -0.0700047 
0.056375 -0.0700046 
0.0564 -0.0700046 
0.056425 -0.0700046 
0.05645 -0.0700046 
0.056475 -0.0700045 
0.0565 -0.0700045 
0.056525 -0.0700045 
0.05655 -0.0700045 
0.056575 -0.0700044 
0.0566 -0.0700044 
0.056625 -0.0700044 
0.05665 -0.0700044 
0.056675 -0.0700044 
0.0567 -0.0700043 
0.056725 -0.0700043 
0.05675 -0.0700043 
0.056775 -0.0700043 
0.0568 -0.0700043 
0.056825 -0.0700043 
0.05685 -0.0700043 
0.056875 -0.0700042 
0.0569 -0.0700042 
0.056925 -0.0700042 
0.05695 -0.0700042 
0.056975 -0.0700042 
0.057 -0.0700042 
0.057025 -0.0700042 
0.05705 -0.0700042 
0.057075 -0.0700042 
0.0571 -0.0700042 
0.057125 -0.0700042 
0.05715 -0.0700042 
0.057175 -0.0700042 
0.0572 -0.0700042 
0.057225 -0.0700042 
0.05725 -0.0700042 
0.057275 -0.0700042 
0.0573 -0.0700042 
0.057325 -0.0700042 
0.05735 -0.0700042 
0.057375 -0.0700042 
0.0574 -0.0700042 
0.057425 -0.0700042 
0.05745 -0.0700042 
0.057475 -0.0700042 
0.0575 -0.0700042 
0.057525 -0.0700042 
0.05755 -0.0700042 
0.057575 -0.0700042 
0.0576 -0.0700042 
0.057625 -0.0700042 
0.05765 -0.0700042 
0.057675 -0.0700042 
0.0577 -0.0700043 
0.057725 -0.0700043 
0.05775 -0.0700043 
0.057775 -0.0700043 
0.0578 -0.0700043 
0.057825 -0.0700043 
0.05785 -0.0700043 
0.057875 -0.0700044 
0.0579 -0.0700044 
0.057925 -0.0700044 
0.05795 -0.0700044 
0.057975 -0.0700044 
0.058 -0.0700044 
0.058025 -0.0700045 
0.05805 -0.0700045 
0.058075 -0.0700045 
0.0581 -0.0700045 
0.058125 -0.0700045 
0.05815 -0.0700046 
0.058175 -0.0700046 
0.0582 -0.0700046 
0.058225 -0.0700046 
0.05825 -0.0700047 
0.058275 -0.0700047 
0.0583 -0.0700047 
0.058325 -0.0700047 
0.05835 -0.0700048 
0.058375 -0.0700048 
0.0584 -0.0700048 
0.058425 -0.0700049 
0.05845 -0.0700049 
0.058475 -0.0700049 
0.0585 -0.0700049 
0.058525 -0.070005 
0.05855 -0.070005 
0.058575 -0.070005 
0.0586 -0.0700051 
0.058625 -0.0700051 
0.05865 -0.0700052 
0.058675 -0.0700052 
0.0587 -0.0700052 
0.058725 -0.0700053 
0.05875 -0.0700053 
0.058775 -0.0700053 
0.0588 -0.0700054 
0.058825 -0.0700054 
0.05885 -0.0700055 
0.058875 -0.0700055 
0.0589 -0.0700055 
0.058925 -0.0700056 
0.05895 -0.0700056 
0.058975 -0.0700057 
0.059 -0.0700057 
0.059025 -0.0700058 
0.05905 -0.0700058 
0.059075 -0.0700059 
0.0591 -0.0700059 
0.059125 -0.070006 
0.05915 -0.070006 
0.059175 -0.0700061 
0.0592 -0.0700061 
0.059225 -0.0700062 
0.05925 -0.0700062 
0.059275 -0.0700063 
0.0593 -0.0700063 
0.059325 -0.0700064 
0.05935 -0.0700064 
0.059375 -0.0700065 
0.0594 -0.0700065 
0.059425 -0.0700066 
0.05945 -0.0700066 
0.059475 -0.0700067 
0.0595 -0.0700068 
0.059525 -0.0700068 
0.05955 -0.0700069 
0.059575 -0.0700069 
0.0596 -0.070007 
0.059625 -0.070007 
0.05965 -0.0700071 
0.059675 -0.0700072 
0.0597 -0.0700072 
0.059725 -0.0700073 
0.05975 -0.0700074 
0.059775 -0.0700074 
0.0598 -0.0700075 
0.059825 -0.0700076 
0.05985 -0.0700076 
0.059875 -0.0700077 
0.0599 -0.0700078 
0.059925 -0.0700078 
0.05995 -0.0700079 
0.059975 -0.070008 
0.06 -0.070008 
0.060025 -0.0700081 
0.06005 -0.0700082 
0.060075 -0.0700082 
0.0601 -0.0700083 
0.060125 -0.0700084 
0.06015 -0.0700085 
0.060175 -0.0700085 
0.0602 -0.0700086 
0.060225 -0.0700087 
0.06025 -0.0700088 
0.060275 -0.0700088 
0.0603 -0.0700089 
0.060325 -0.070009 
0.06035 -0.0700091 
0.060375 -0.0700091 
0.0604 -0.0700092 
0.060425 -0.0700093 
0.06045 -0.0700094 
0.060475 -0.0700095 
0.0605 -0.0700095 
0.060525 -0.0700096 
0.06055 -0.0700097 
0.060575 -0.0700098 
0.0606 -0.0700099 
0.060625 -0.07001 
0.06065 -0.0700101 
0.060675 -0.0700102 
0.0607 -0.0700102 
0.060725 -0.0700103 
0.06075 -0.0700104 
0.060775 -0.0700105 
0.0608 -0.0700106 
0.060825 -0.0700107 
0.06085 -0.0700108 
0.060875 -0.0700109 
0.0609 -0.070011 
0.060925 -0.0700111 
0.06095 -0.0700112 
0.060975 -0.0700113 
0.061 -0.0700114 
0.061025 -0.0700115 
0.06105 -0.0700116 
0.061075 -0.0700117 
0.0611 -0.0700118 
0.061125 -0.0700119 
0.06115 -0.070012 
0.061175 -0.0700121 
0.0612 -0.0700121 
0.061225 -0.0700122 
0.06125 -0.0700123 
0.061275 -0.0700124 
0.0613 -0.0700126 
0.061325 -0.0700127 
0.06135 -0.0700128 
0.061375 -0.0700129 
0.0614 -0.070013 
0.061425 -0.0700131 
0.06145 -0.0700132 
0.061475 -0.0700133 
0.0615 -0.0700134 
0.061525 -0.0700135 
0.06155 -0.0700136 
0.061575 -0.0700137 
0.0616 -0.0700138 
0.061625 -0.0700139 
0.06165 -0.070014 
0.061675 -0.0700141 
0.0617 -0.0700142 
0.061725 -0.0700144 
0.06175 -0.0700145 
0.061775 -0.0700146 
0.0618 -0.0700147 
0.061825 -0.0700148 
0.06185 -0.0700149 
0.061875 -0.070015 
0.0619 -0.0700151 
0.061925 -0.0700153 
0.06195 -0.0700154 
0.061975 -0.0700155 
0.062 -0.0700156 
0.062025 -0.0700157 
0.06205 -0.0700158 
0.062075 -0.070016 
0.0621 -0.0700161 
0.062125 -0.0700162 
0.06215 -0.0700163 
0.062175 -0.0700164 
0.0622 -0.0700166 
0.062225 -0.0700167 
0.06225 -0.0700168 
0.062275 -0.0700169 
0.0623 -0.0700171 
0.062325 -0.0700172 
0.06235 -0.0700173 
0.062375 -0.0700174 
0.0624 -0.0700176 
0.062425 -0.0700177 
0.06245 -0.0700178 
0.062475 -0.070018 
0.0625 -0.0700181 
0.062525 -0.0700182 
0.06255 -0.0700184 
0.062575 -0.0700185 
0.0626 -0.0700186 
0.062625 -0.0700188 
0.06265 -0.0700189 
0.062675 -0.070019 
0.0627 -0.0700192 
0.062725 -0.0700193 
0.06275 -0.0700194 
0.062775 -0.0700196 
0.0628 -0.0700197 
0.062825 -0.0700198 
0.06285 -0.07002 
0.062875 -0.0700201 
0.0629 -0.0700202 
0.062925 -0.0700204 
0.06295 -0.0700205 
0.062975 -0.0700207 
0.063 -0.0700208 
0.063025 -0.0700209 
0.06305 -0.0700211 
0.063075 -0.0700212 
0.0631 -0.0700214 
0.063125 -0.0700215 
0.06315 -0.0700216 
0.063175 -0.0700218 
0.0632 -0.0700219 
0.063225 -0.0700221 
0.06325 -0.0700222 
0.063275 -0.0700223 
0.0633 -0.0700225 
0.063325 -0.0700226 
0.06335 -0.0700228 
0.063375 -0.0700229 
0.0634 -0.0700231 
0.063425 -0.0700232 
0.06345 -0.0700233 
0.063475 -0.0700235 
0.0635 -0.0700237 
0.063525 -0.0700238 
0.06355 -0.070024 
0.063575 -0.0700242 
0.0636 -0.0700243 
0.063625 -0.0700245 
0.06365 -0.0700247 
0.063675 -0.0700248 
0.0637 -0.070025 
0.063725 -0.0700252 
0.06375 -0.0700253 
0.063775 -0.0700255 
0.0638 -0.0700257 
0.063825 -0.0700258 
0.06385 -0.070026 
0.063875 -0.0700262 
0.0639 -0.0700263 
0.063925 -0.0700265 
0.06395 -0.0700267 
0.063975 -0.0700268 
0.064 -0.070027 
0.064025 -0.0700271 
0.06405 -0.0700273 
0.064075 -0.0700275 
0.0641 -0.0700276 
0.064125 -0.0700278 
0.06415 -0.070028 
0.064175 -0.0700281 
0.0642 -0.0700283 
0.064225 -0.0700284 
0.06425 -0.0700286 
0.064275 -0.0700288 
0.0643 -0.0700289 
0.064325 -0.0700291 
0.06435 -0.0700293 
0.064375 -0.0700294 
0.0644 -0.0700296 
0.064425 -0.0700297 
0.06445 -0.0700299 
0.064475 -0.0700301 
0.0645 -0.0700302 
0.064525 -0.0700304 
0.06455 -0.0700306 
0.064575 -0.0700307 
0.0646 -0.0700309 
0.064625 -0.0700311 
0.06465 -0.0700312 
0.064675 -0.0700314 
0.0647 -0.0700316 
0.064725 -0.0700317 
0.06475 -0.0700319 
0.064775 -0.0700321 
0.0648 -0.0700322 
0.064825 -0.0700324 
0.06485 -0.0700326 
0.064875 -0.0700327 
0.0649 -0.0700329 
0.064925 -0.0700331 
0.06495 -0.0700332 
0.064975 -0.0700334 
0.065 -0.0700336 
0.065025 -0.0700338 
0.06505 -0.0700339 
0.065075 -0.0700341 
0.0651 -0.0700343 
0.065125 -0.0700344 
0.06515 -0.0700346 
0.065175 -0.0700348 
0.0652 -0.070035 
0.065225 -0.0700351 
0.06525 -0.0700353 
0.065275 -0.0700355 
0.0653 -0.0700356 
0.065325 -0.0700358 
0.06535 -0.070036 
0.065375 -0.0700362 
0.0654 -0.0700363 
0.065425 -0.0700365 
0.06545 -0.0700367 
0.065475 -0.0700369 
0.0655 -0.070037 
0.065525 -0.0700372 
0.06555 -0.0700374 
0.065575 -0.0700376 
0.0656 -0.0700378 
0.065625 -0.0700379 
0.06565 -0.0700381 
0.065675 -0.0700383 
0.0657 -0.0700385 
0.065725 -0.0700387 
0.06575 -0.0700388 
0.065775 -0.070039 
0.0658 -0.0700392 
0.065825 -0.0700394 
0.06585 -0.0700396 
0.065875 -0.0700397 
0.0659 -0.0700399 
0.065925 -0.0700401 
0.06595 -0.0700403 
0.065975 -0.0700405 
0.066 -0.0700406 
0.066025 -0.0700408 
0.06605 -0.070041 
0.066075 -0.0700412 
0.0661 -0.0700414 
0.066125 -0.0700416 
0.06615 -0.0700418 
0.066175 -0.070042 
0.0662 -0.0700422 
0.066225 -0.0700423 
0.06625 -0.0700425 
0.066275 -0.0700427 
0.0663 -0.0700429 
0.066325 -0.0700431 
0.06635 -0.0700433 
0.066375 -0.0700435 
0.0664 -0.0700438 
0.066425 -0.070044 
0.06645 -0.0700442 
0.066475 -0.0700444 
0.0665 -0.0700446 
0.066525 -0.0700449 
0.06655 -0.0700451 
0.066575 -0.0700453 
0.0666 -0.0700455 
0.066625 -0.0700457 
0.06665 -0.0700459 
0.066675 -0.0700461 
0.0667 -0.0700463 
0.066725 -0.0700466 
0.06675 -0.0700468 
0.066775 -0.070047 
0.0668 -0.0700472 
0.066825 -0.0700474 
0.06685 -0.0700476 
0.066875 -0.0700478 
0.0669 -0.070048 
0.066925 -0.0700482 
0.06695 -0.0700484 
0.066975 -0.0700486 
0.067 -0.0700488 
0.067025 -0.070049 
0.06705 -0.0700492 
0.067075 -0.0700494 
0.0671 -0.0700496 
0.067125 -0.0700498 
0.06715 -0.07005 
0.067175 -0.0700502 
0.0672 -0.0700505 
0.067225 -0.0700508 
0.06725 -0.0700511 
0.067275 -0.0700514 
0.0673 -0.0700517 
0.067325 -0.070052 
0.06735 -0.0700523 
0.067375 -0.0700526 
0.0674 -0.0700529 
0.067425 -0.0700532 
0.06745 -0.0700534 
0.067475 -0.0700537 
0.0675 -0.070054 
0.067525 -0.0700542 
0.06755 -0.0700545 
0.067575 -0.0700547 
0.0676 -0.070055 
0.067625 -0.0700552 
0.06765 -0.0700555 
0.067675 -0.0700557 
0.0677 -0.0700559 
0.067725 -0.0700562 
0.06775 -0.0700564 
0.067775 -0.0700566 
0.0678 -0.0700568 
0.067825 -0.0700571 
0.06785 -0.0700573 
0.067875 -0.0700575 
0.0679 -0.0700577 
0.067925 -0.070058 
0.06795 -0.0700582 
0.067975 -0.0700584 
0.068 -0.0700586 
0.068025 -0.0700588 
0.06805 -0.070059 
0.068075 -0.0700593 
0.0681 -0.0700595 
0.068125 -0.0700597 
0.06815 -0.0700599 
0.068175 -0.0700601 
0.0682 -0.0700603 
0.068225 -0.0700605 
0.06825 -0.0700607 
0.068275 -0.0700609 
0.0683 -0.0700612 
0.068325 -0.0700614 
0.06835 -0.0700616 
0.068375 -0.0700618 
0.0684 -0.070062 
0.068425 -0.0700622 
0.06845 -0.0700624 
0.068475 -0.0700626 
0.0685 -0.0700629 
0.068525 -0.0700631 
0.06855 -0.0700633 
0.068575 -0.0700635 
0.0686 -0.0700637 
0.068625 -0.0700639 
0.06865 -0.0700642 
0.068675 -0.0700644 
0.0687 -0.0700646 
0.068725 -0.0700648 
0.06875 -0.070065 
0.068775 -0.0700652 
0.0688 -0.0700655 
0.068825 -0.0700657 
0.06885 -0.0700659 
0.068875 -0.0700661 
0.0689 -0.0700663 
0.068925 -0.0700665 
0.06895 -0.0700667 
0.068975 -0.070067 
0.069 -0.0700672 
0.069025 -0.0700674 
0.06905 -0.0700676 
0.069075 -0.0700678 
0.0691 -0.070068 
0.069125 -0.0700683 
0.06915 -0.0700685 
0.069175 -0.0700687 
0.0692 -0.070069 
0.069225 -0.0700692 
0.06925 -0.0700695 
0.069275 -0.0700697 
0.0693 -0.0700699 
0.069325 -0.0700702 
0.06935 -0.0700704 
0.069375 -0.0700706 
0.0694 -0.0700709 
0.069425 -0.0700711 
0.06945 -0.0700713 
0.069475 -0.0700716 
0.0695 -0.0700718 
0.069525 -0.070072 
0.06955 -0.0700722 
0.069575 -0.0700725 
0.0696 -0.0700727 
0.069625 -0.0700729 
0.06965 -0.0700731 
0.069675 -0.0700733 
0.0697 -0.0700736 
0.069725 -0.0700738 
0.06975 -0.070074 
0.069775 -0.0700742 
0.0698 -0.0700744 
0.069825 -0.0700747 
0.06985 -0.0700749 
0.069875 -0.0700751 
0.0699 -0.0700754 
0.069925 -0.0700756 
0.06995 -0.0700759 
0.069975 -0.0700761 
0.07 -0.0700763 
0.070025 -0.0700766 
0.07005 -0.0700768 
0.070075 -0.070077 
0.0701 -0.0700773 
0.070125 -0.0700775 
0.07015 -0.0700777 
0.070175 -0.0700779 
0.0702 -0.0700782 
0.070225 -0.0700784 
0.07025 -0.0700786 
0.070275 -0.0700788 
0.0703 -0.070079 
0.070325 -0.0700793 
0.07035 -0.0700795 
0.070375 -0.0700797 
0.0704 -0.0700799 
0.070425 -0.0700801 
0.07045 -0.0700804 
0.070475 -0.0700806 
0.0705 -0.0700808 
0.070525 -0.070081 
0.07055 -0.0700812 
0.070575 -0.0700814 
0.0706 -0.0700816 
0.070625 -0.0700819 
0.07065 -0.0700821 
0.070675 -0.0700823 
0.0707 -0.0700825 
0.070725 -0.0700827 
0.07075 -0.0700829 
0.070775 -0.0700831 
0.0708 -0.0700833 
0.070825 -0.0700835 
0.07085 -0.0700837 
0.070875 -0.0700839 
0.0709 -0.0700841 
0.070925 -0.0700844 
0.07095 -0.0700846 
0.070975 -0.0700848 
0.071 -0.070085 
0.071025 -0.0700852 
0.07105 -0.0700854 
0.071075 -0.0700856 
0.0711 -0.0700858 
0.071125 -0.070086 
0.07115 -0.0700862 
0.071175 -0.0700864 
0.0712 -0.0700866 
0.071225 -0.0700868 
0.07125 -0.070087 
0.071275 -0.0700872 
0.0713 -0.0700874 
0.071325 -0.0700876 
0.07135 -0.0700878 
0.071375 -0.070088 
0.0714 -0.0700882 
0.071425 -0.0700884 
0.07145 -0.0700886 
0.071475 -0.0700888 
0.0715 -0.070089 
0.071525 -0.0700892 
0.07155 -0.0700894 
0.071575 -0.0700896 
0.0716 -0.0700898 
0.071625 -0.07009 
0.07165 -0.0700902 
0.071675 -0.0700904 
0.0717 -0.0700906 
0.071725 -0.0700908 
0.07175 -0.070091 
0.071775 -0.0700912 
0.0718 -0.0700914 
0.071825 -0.0700916 
0.07185 -0.0700918 
0.071875 -0.0700921 
0.0719 -0.0700923 
0.071925 -0.0700925 
0.07195 -0.0700927 
0.071975 -0.0700929 
0.072 -0.0700931 
0.072025 -0.0700933 
0.07205 -0.0700935 
0.072075 -0.0700937 
0.0721 -0.0700939 
0.072125 -0.0700941 
0.07215 -0.0700944 
0.072175 -0.0700946 
0.0722 -0.0700948 
0.072225 -0.070095 
0.07225 -0.0700952 
0.072275 -0.0700954 
0.0723 -0.0700956 
0.072325 -0.0700958 
0.07235 -0.070096 
0.072375 -0.0700962 
0.0724 -0.0700964 
0.072425 -0.0700966 
0.07245 -0.0700968 
0.072475 -0.070097 
0.0725 -0.0700972 
0.072525 -0.0700974 
0.07255 -0.0700976 
0.072575 -0.0700978 
0.0726 -0.070098 
0.072625 -0.0700982 
0.07265 -0.0700984 
0.072675 -0.0700986 
0.0727 -0.0700988 
0.072725 -0.070099 
0.07275 -0.0700992 
0.072775 -0.0700994 
0.0728 -0.0700996 
0.072825 -0.0700998 
0.07285 -0.0701 
0.072875 -0.0701002 
0.0729 -0.0701006 
0.072925 -0.0701009 
0.07295 -0.0701012 
0.072975 -0.0701016 
0.073 -0.0701019 
0.073025 -0.0701022 
0.07305 -0.0701026 
0.073075 -0.0701029 
0.0731 -0.0701032 
0.073125 -0.0701035 
0.07315 -0.0701038 
0.073175 -0.0701041 
0.0732 -0.0701043 
0.073225 -0.0701046 
0.07325 -0.0701049 
0.073275 -0.0701052 
0.0733 -0.0701054 
0.073325 -0.0701057 
0.07335 -0.0701059 
0.073375 -0.0701062 
0.0734 -0.0701064 
0.073425 -0.0701067 
0.07345 -0.0701069 
0.073475 -0.0701071 
0.0735 -0.0701074 
0.073525 -0.0701076 
0.07355 -0.0701078 
0.073575 -0.070108 
0.0736 -0.0701083 
0.073625 -0.0701085 
0.07365 -0.0701087 
0.073675 -0.0701089 
0.0737 -0.0701091 
0.073725 -0.0701094 
0.07375 -0.0701096 
0.073775 -0.0701098 
0.0738 -0.07011 
0.073825 -0.0701102 
0.07385 -0.0701104 
0.073875 -0.0701106 
0.0739 -0.0701108 
0.073925 -0.0701111 
0.07395 -0.0701113 
0.073975 -0.0701115 
0.074 -0.0701117 
0.074025 -0.0701119 
0.07405 -0.0701121 
0.074075 -0.0701123 
0.0741 -0.0701125 
0.074125 -0.0701127 
0.07415 -0.0701129 
0.074175 -0.0701131 
0.0742 -0.0701133 
0.074225 -0.0701135 
0.07425 -0.0701137 
0.074275 -0.0701139 
0.0743 -0.0701141 
0.074325 -0.0701143 
0.07435 -0.0701145 
0.074375 -0.0701147 
0.0744 -0.0701149 
0.074425 -0.0701151 
0.07445 -0.0701153 
0.074475 -0.0701155 
0.0745 -0.0701157 
0.074525 -0.0701159 
0.07455 -0.0701161 
0.074575 -0.0701163 
0.0746 -0.0701166 
0.074625 -0.0701168 
0.07465 -0.070117 
0.074675 -0.0701172 
0.0747 -0.0701174 
0.074725 -0.0701176 
0.07475 -0.0701178 
0.074775 -0.070118 
0.0748 -0.0701182 
0.074825 -0.0701184 
0.07485 -0.0701186 
0.074875 -0.0701188 
0.0749 -0.070119 
0.074925 -0.0701192 
0.07495 -0.0701194 
0.074975 -0.0701196 
0.075 -0.0701198 
0.075025 -0.07012 
0.07505 -0.0701202 
0.075075 -0.0701204 
0.0751 -0.0701206 
0.075125 -0.0701208 
0.07515 -0.070121 
0.075175 -0.0701212 
0.0752 -0.0701214 
0.075225 -0.0701216 
0.07525 -0.0701218 
0.075275 -0.070122 
0.0753 -0.0701222 
0.075325 -0.0701224 
0.07535 -0.0701226 
0.075375 -0.0701228 
0.0754 -0.070123 
0.075425 -0.0701232 
0.07545 -0.0701234 
0.075475 -0.0701235 
0.0755 -0.0701237 
0.075525 -0.0701239 
0.07555 -0.0701241 
0.075575 -0.0701243 
0.0756 -0.0701245 
0.075625 -0.0701247 
0.07565 -0.0701248 
0.075675 -0.070125 
0.0757 -0.0701252 
0.075725 -0.0701254 
0.07575 -0.0701256 
0.075775 -0.0701258 
0.0758 -0.070126 
0.075825 -0.0701262 
0.07585 -0.0701264 
0.075875 -0.0701266 
0.0759 -0.0701268 
0.075925 -0.070127 
0.07595 -0.0701272 
0.075975 -0.0701274 
0.076 -0.0701276 
0.076025 -0.0701278 
0.07605 -0.0701281 
0.076075 -0.0701283 
0.0761 -0.0701285 
0.076125 -0.0701287 
0.07615 -0.0701289 
0.076175 -0.0701291 
0.0762 -0.0701293 
0.076225 -0.0701296 
0.07625 -0.0701298 
0.076275 -0.07013 
0.0763 -0.0701302 
0.076325 -0.0701304 
0.07635 -0.0701306 
0.076375 -0.0701308 
0.0764 -0.070131 
0.076425 -0.0701311 
0.07645 -0.0701313 
0.076475 -0.0701315 
0.0765 -0.0701317 
0.076525 -0.0701319 
0.07655 -0.0701321 
0.076575 -0.0701323 
0.0766 -0.0701325 
0.076625 -0.0701326 
0.07665 -0.0701328 
0.076675 -0.070133 
0.0767 -0.0701332 
0.076725 -0.0701334 
0.07675 -0.0701335 
0.076775 -0.0701337 
0.0768 -0.0701339 
0.076825 -0.0701341 
0.07685 -0.0701343 
0.076875 -0.0701344 
0.0769 -0.0701346 
0.076925 -0.0701348 
0.07695 -0.070135 
0.076975 -0.0701351 
0.077 -0.0701353 
0.077025 -0.0701355 
0.07705 -0.0701356 
0.077075 -0.0701358 
0.0771 -0.070136 
0.077125 -0.0701362 
0.07715 -0.0701363 
0.077175 -0.0701365 
0.0772 -0.0701367 
0.077225 -0.0701368 
0.07725 -0.070137 
0.077275 -0.0701372 
0.0773 -0.0701373 
0.077325 -0.0701375 
0.07735 -0.0701377 
0.077375 -0.0701378 
0.0774 -0.070138 
0.077425 -0.0701382 
0.07745 -0.0701383 
0.077475 -0.0701385 
0.0775 -0.0701386 
0.077525 -0.0701388 
0.07755 -0.070139 
0.077575 -0.0701391 
0.0776 -0.0701393 
0.077625 -0.0701394 
0.07765 -0.0701396 
0.077675 -0.0701398 
0.0777 -0.0701399 
0.077725 -0.0701401 
0.07775 -0.0701402 
0.077775 -0.0701404 
0.0778 -0.0701406 
0.077825 -0.0701407 
0.07785 -0.0701409 
0.077875 -0.070141 
0.0779 -0.0701412 
0.077925 -0.0701413 
0.07795 -0.0701415 
0.077975 -0.0701417 
0.078 -0.0701418 
0.078025 -0.070142 
0.07805 -0.0701421 
0.078075 -0.0701423 
0.0781 -0.0701424 
0.078125 -0.0701426 
0.07815 -0.0701428 
0.078175 -0.0701429 
0.0782 -0.0701431 
0.078225 -0.0701432 
0.07825 -0.0701434 
0.078275 -0.0701436 
0.0783 -0.0701437 
0.078325 -0.0701439 
0.07835 -0.0701441 
0.078375 -0.0701442 
0.0784 -0.0701444 
0.078425 -0.0701445 
0.07845 -0.0701447 
0.078475 -0.0701449 
0.0785 -0.070145 
0.078525 -0.0701452 
0.07855 -0.0701453 
0.078575 -0.0701455 
0.0786 -0.0701456 
0.078625 -0.0701458 
0.07865 -0.0701459 
0.078675 -0.0701461 
0.0787 -0.0701463 
0.078725 -0.0701464 
0.07875 -0.0701466 
0.078775 -0.0701467 
0.0788 -0.0701469 
0.078825 -0.070147 
0.07885 -0.0701472 
0.078875 -0.0701473 
0.0789 -0.0701475 
0.078925 -0.0701476 
0.07895 -0.0701477 
0.078975 -0.0701479 
0.079 -0.070148 
0.079025 -0.0701482 
0.07905 -0.0701483 
0.079075 -0.0701485 
0.0791 -0.0701486 
0.079125 -0.0701488 
0.07915 -0.0701489 
0.079175 -0.0701491 
0.0792 -0.0701492 
0.079225 -0.0701493 
0.07925 -0.0701495 
0.079275 -0.0701496 
0.0793 -0.0701498 
0.079325 -0.0701499 
0.07935 -0.0701501 
0.079375 -0.0701503 
0.0794 -0.0701505 
0.079425 -0.0701508 
0.07945 -0.070151 
0.079475 -0.0701513 
0.0795 -0.0701515 
0.079525 -0.0701518 
0.07955 -0.070152 
0.079575 -0.0701522 
0.0796 -0.0701525 
0.079625 -0.0701527 
0.07965 -0.0701529 
0.079675 -0.0701531 
0.0797 -0.0701533 
0.079725 -0.0701535 
0.07975 -0.0701537 
0.079775 -0.0701539 
0.0798 -0.0701541 
0.079825 -0.0701543 
0.07985 -0.0701544 
0.079875 -0.0701546 
0.0799 -0.0701548 
0.079925 -0.070155 
0.07995 -0.0701551 
0.079975 -0.0701553 
0.08 -0.0701555 
0.080025 -0.0701557 
0.08005 -0.0701559 
0.080075 -0.0701561 
0.0801 -0.0701563 
0.080125 -0.0701564 
0.08015 -0.0701566 
0.080175 -0.0701568 
0.0802 -0.070157 
0.080225 -0.0701572 
0.08025 -0.0701574 
0.080275 -0.0701575 
0.0803 -0.0701577 
0.080325 -0.0701579 
0.08035 -0.070158 
0.080375 -0.0701582 
0.0804 -0.0701584 
0.080425 -0.0701585 
0.08045 -0.0701587 
0.080475 -0.0701589 
0.0805 -0.070159 
0.080525 -0.0701592 
0.08055 -0.0701593 
0.080575 -0.0701595 
0.0806 -0.0701596 
0.080625 -0.0701598 
0.08065 -0.0701599 
0.080675 -0.0701601 
0.0807 -0.0701602 
0.080725 -0.0701604 
0.08075 -0.0701605 
0.080775 -0.0701607 
0.0808 -0.0701608 
0.080825 -0.070161 
0.08085 -0.0701611 
0.080875 -0.0701612 
0.0809 -0.0701614 
0.080925 -0.0701615 
0.08095 -0.0701617 
0.080975 -0.0701618 
0.081 -0.0701619 
0.081025 -0.0701621 
0.08105 -0.0701622 
0.081075 -0.0701623 
0.0811 -0.0701625 
0.081125 -0.0701626 
0.08115 -0.0701627 
0.081175 -0.0701629 
0.0812 -0.070163 
0.081225 -0.0701631 
0.08125 -0.0701633 
0.081275 -0.0701634 
0.0813 -0.0701635 
0.081325 -0.0701636 
0.08135 -0.0701638 
0.081375 -0.0701639 
0.0814 -0.070164 
0.081425 -0.0701642 
0.08145 -0.0701643 
0.081475 -0.0701644 
0.0815 -0.0701645 
0.081525 -0.0701647 
0.08155 -0.0701648 
0.081575 -0.0701649 
0.0816 -0.070165 
0.081625 -0.0701651 
0.08165 -0.0701653 
0.081675 -0.0701654 
0.0817 -0.0701655 
0.081725 -0.0701656 
0.08175 -0.0701658 
0.081775 -0.0701659 
0.0818 -0.070166 
0.081825 -0.0701661 
0.08185 -0.0701662 
0.081875 -0.0701664 
0.0819 -0.0701665 
0.081925 -0.0701666 
0.08195 -0.0701667 
0.081975 -0.0701668 
0.082 -0.0701669 
0.082025 -0.0701671 
0.08205 -0.0701672 
0.082075 -0.0701673 
0.0821 -0.0701674 
0.082125 -0.0701675 
0.08215 -0.0701676 
0.082175 -0.0701678 
0.0822 -0.0701679 
0.082225 -0.070168 
0.08225 -0.0701681 
0.082275 -0.0701682 
0.0823 -0.0701684 
0.082325 -0.0701685 
0.08235 -0.0701686 
0.082375 -0.0701687 
0.0824 -0.0701688 
0.082425 -0.0701689 
0.08245 -0.0701691 
0.082475 -0.0701692 
0.0825 -0.0701693 
0.082525 -0.0701694 
0.08255 -0.0701695 
0.082575 -0.0701697 
0.0826 -0.0701698 
0.082625 -0.0701699 
0.08265 -0.07017 
0.082675 -0.0701701 
0.0827 -0.0701702 
0.082725 -0.0701703 
0.08275 -0.0701704 
0.082775 -0.0701706 
0.0828 -0.0701707 
0.082825 -0.0701708 
0.08285 -0.0701709 
0.082875 -0.070171 
0.0829 -0.0701711 
0.082925 -0.0701712 
0.08295 -0.0701713 
0.082975 -0.0701714 
0.083 -0.0701715 
0.083025 -0.0701716 
0.08305 -0.0701718 
0.083075 -0.0701719 
0.0831 -0.070172 
0.083125 -0.0701721 
0.08315 -0.0701722 
0.083175 -0.0701723 
0.0832 -0.0701724 
0.083225 -0.0701725 
0.08325 -0.0701726 
0.083275 -0.0701727 
0.0833 -0.0701728 
0.083325 -0.0701729 
0.08335 -0.070173 
0.083375 -0.0701731 
0.0834 -0.0701732 
0.083425 -0.0701733 
0.08345 -0.0701734 
0.083475 -0.0701735 
0.0835 -0.0701736 
0.083525 -0.0701737 
0.08355 -0.0701738 
0.083575 -0.0701739 
0.0836 -0.070174 
0.083625 -0.0701741 
0.08365 -0.0701742 
0.083675 -0.0701743 
0.0837 -0.0701744 
0.083725 -0.0701745 
0.08375 -0.0701746 
0.083775 -0.0701747 
0.0838 -0.0701748 
0.083825 -0.0701749 
0.08385 -0.070175 
0.083875 -0.0701751 
0.0839 -0.0701752 
0.083925 -0.0701753 
0.08395 -0.0701754 
0.083975 -0.0701755 
0.084 -0.0701756 
0.084025 -0.0701757 
0.08405 -0.0701758 
0.084075 -0.0701759 
0.0841 -0.070176 
0.084125 -0.0701761 
0.08415 -0.0701762 
0.084175 -0.0701763 
0.0842 -0.0701764 
0.084225 -0.0701765 
0.08425 -0.0701766 
0.084275 -0.0701767 
0.0843 -0.0701768 
0.084325 -0.0701769 
0.08435 -0.070177 
0.084375 -0.0701771 
0.0844 -0.0701772 
0.084425 -0.0701774 
0.08445 -0.0701775 
0.084475 -0.0701776 
0.0845 -0.0701777 
0.084525 -0.0701778 
0.08455 -0.0701779 
0.084575 -0.070178 
0.0846 -0.0701781 
0.084625 -0.0701782 
0.08465 -0.0701783 
0.084675 -0.0701784 
0.0847 -0.0701785 
0.084725 -0.0701786 
0.08475 -0.0701787 
0.084775 -0.0701788 
0.0848 -0.0701789 
0.084825 -0.070179 
0.08485 -0.0701791 
0.084875 -0.0701792 
0.0849 -0.0701793 
0.084925 -0.0701794 
0.08495 -0.0701795 
0.084975 -0.0701796 
0.085 -0.0701797 
0.085025 -0.0701798 
0.08505 -0.0701799 
0.085075 -0.07018 
0.0851 -0.0701801 
0.085125 -0.0701802 
0.08515 -0.0701803 
0.085175 -0.0701804 
0.0852 -0.0701804 
0.085225 -0.0701805 
0.08525 -0.0701806 
0.085275 -0.0701807 
0.0853 -0.0701808 
0.085325 -0.0701809 
0.08535 -0.070181 
0.085375 -0.0701811 
0.0854 -0.0701812 
0.085425 -0.0701813 
0.08545 -0.0701814 
0.085475 -0.0701815 
0.0855 -0.0701816 
0.085525 -0.0701817 
0.08555 -0.0701818 
0.085575 -0.0701819 
0.0856 -0.0701819 
0.085625 -0.070182 
0.08565 -0.0701821 
0.085675 -0.0701822 
0.0857 -0.0701823 
0.085725 -0.0701824 
0.08575 -0.0701825 
0.085775 -0.0701826 
0.0858 -0.0701827 
0.085825 -0.0701827 
0.08585 -0.0701828 
0.085875 -0.0701829 
0.0859 -0.070183 
0.085925 -0.0701831 
0.08595 -0.0701832 
0.085975 -0.0701833 
0.086 -0.0701833 
0.086025 -0.0701834 
0.08605 -0.0701835 
0.086075 -0.0701836 
0.0861 -0.0701837 
0.086125 -0.0701838 
0.08615 -0.0701838 
0.086175 -0.0701839 
0.0862 -0.070184 
0.086225 -0.0701841 
0.08625 -0.0701842 
0.086275 -0.0701843 
0.0863 -0.0701843 
0.086325 -0.0701844 
0.08635 -0.0701845 
0.086375 -0.0701846 
0.0864 -0.0701847 
0.086425 -0.0701847 
0.08645 -0.0701848 
0.086475 -0.0701849 
0.0865 -0.070185 
0.086525 -0.0701851 
0.08655 -0.0701851 
0.086575 -0.0701852 
0.0866 -0.0701853 
0.086625 -0.0701854 
0.08665 -0.0701855 
0.086675 -0.0701855 
0.0867 -0.0701856 
0.086725 -0.0701857 
0.08675 -0.0701858 
0.086775 -0.0701859 
0.0868 -0.0701859 
0.086825 -0.070186 
0.08685 -0.0701861 
0.086875 -0.0701862 
0.0869 -0.0701862 
0.086925 -0.0701863 
0.08695 -0.0701864 
0.086975 -0.0701865 
0.087 -0.0701865 
0.087025 -0.0701866 
0.08705 -0.0701867 
0.087075 -0.0701868 
0.0871 -0.0701868 
0.087125 -0.0701869 
0.08715 -0.070187 
0.087175 -0.0701871 
0.0872 -0.0701871 
0.087225 -0.0701872 
0.08725 -0.0701873 
0.087275 -0.0701874 
0.0873 -0.0701874 
0.087325 -0.0701875 
0.08735 -0.0701876 
0.087375 -0.0701877 
0.0874 -0.0701877 
0.087425 -0.0701878 
0.08745 -0.0701879 
0.087475 -0.070188 
0.0875 -0.070188 
0.087525 -0.0701881 
0.08755 -0.0701882 
0.087575 -0.0701883 
0.0876 -0.0701883 
0.087625 -0.0701884 
0.08765 -0.0701885 
0.087675 -0.0701885 
0.0877 -0.0701886 
0.087725 -0.0701887 
0.08775 -0.0701888 
0.087775 -0.0701888 
0.0878 -0.0701889 
0.087825 -0.070189 
0.08785 -0.070189 
0.087875 -0.0701891 
0.0879 -0.0701892 
0.087925 -0.0701893 
0.08795 -0.0701893 
0.087975 -0.0701894 
0.088 -0.0701895 
0.088025 -0.0701895 
0.08805 -0.0701896 
0.088075 -0.0701897 
0.0881 -0.0701898 
0.088125 -0.0701899 
0.08815 -0.07019 
0.088175 -0.0701901 
0.0882 -0.0701902 
0.088225 -0.0701903 
0.08825 -0.0701904 
0.088275 -0.0701904 
0.0883 -0.0701905 
0.088325 -0.0701906 
0.08835 -0.0701907 
0.088375 -0.0701908 
0.0884 -0.0701909 
0.088425 -0.070191 
0.08845 -0.0701911 
0.088475 -0.0701912 
0.0885 -0.0701912 
0.088525 -0.0701913 
0.08855 -0.0701914 
0.088575 -0.0701915 
0.0886 -0.0701916 
0.088625 -0.0701917 
0.08865 -0.0701917 
0.088675 -0.0701918 
0.0887 -0.0701919 
0.088725 -0.070192 
0.08875 -0.070192 
0.088775 -0.0701921 
0.0888 -0.0701922 
0.088825 -0.0701923 
0.08885 -0.0701923 
0.088875 -0.0701924 
0.0889 -0.0701925 
0.088925 -0.0701926 
0.08895 -0.0701926 
0.088975 -0.0701927 
0.089 -0.0701928 
0.089025 -0.0701928 
0.08905 -0.0701929 
0.089075 -0.070193 
0.0891 -0.0701931 
0.089125 -0.0701931 
0.08915 -0.0701932 
0.089175 -0.0701933 
0.0892 -0.0701933 
0.089225 -0.0701934 
0.08925 -0.0701935 
0.089275 -0.0701935 
0.0893 -0.0701936 
0.089325 -0.0701937 
0.08935 -0.0701937 
0.089375 -0.0701938 
0.0894 -0.0701939 
0.089425 -0.0701939 
0.08945 -0.070194 
0.089475 -0.070194 
0.0895 -0.0701941 
0.089525 -0.0701942 
0.08955 -0.0701942 
0.089575 -0.0701943 
0.0896 -0.0701944 
0.089625 -0.0701944 
0.08965 -0.0701945 
0.089675 -0.0701946 
0.0897 -0.0701946 
0.089725 -0.0701947 
0.08975 -0.0701947 
0.089775 -0.0701948 
0.0898 -0.0701949 
0.089825 -0.0701949 
0.08985 -0.070195 
0.089875 -0.0701951 
0.0899 -0.0701951 
0.089925 -0.0701952 
0.08995 -0.0701953 
0.089975 -0.0701954 
0.09 -0.0701954 
0.090025 -0.0701955 
0.09005 -0.0701956 
0.090075 -0.0701956 
0.0901 -0.0701957 
0.090125 -0.0701958 
0.09015 -0.0701958 
0.090175 -0.0701959 
0.0902 -0.070196 
0.090225 -0.070196 
0.09025 -0.0701961 
0.090275 -0.0701962 
0.0903 -0.0701962 
0.090325 -0.0701963 
0.09035 -0.0701964 
0.090375 -0.0701964 
0.0904 -0.0701965 
0.090425 -0.0701966 
0.09045 -0.0701966 
0.090475 -0.0701967 
0.0905 -0.0701967 
0.090525 -0.0701968 
0.09055 -0.0701969 
0.090575 -0.0701969 
0.0906 -0.070197 
0.090625 -0.070197 
0.09065 -0.0701971 
0.090675 -0.0701972 
0.0907 -0.0701972 
0.090725 -0.0701973 
0.09075 -0.0701973 
0.090775 -0.0701974 
0.0908 -0.0701975 
0.090825 -0.0701975 
0.09085 -0.0701976 
0.090875 -0.0701976 
0.0909 -0.0701977 
0.090925 -0.0701978 
0.09095 -0.0701978 
0.090975 -0.0701979 
0.091 -0.0701979 
0.091025 -0.070198 
0.09105 -0.070198 
0.091075 -0.0701981 
0.0911 -0.0701982 
0.091125 -0.0701982 
0.09115 -0.0701983 
0.091175 -0.0701983 
0.0912 -0.0701984 
0.091225 -0.0701984 
0.09125 -0.0701985 
0.091275 -0.0701986 
0.0913 -0.0701986 
0.091325 -0.0701987 
0.09135 -0.0701987 
0.091375 -0.0701988 
0.0914 -0.0701988 
0.091425 -0.0701989 
0.09145 -0.0701989 
0.091475 -0.070199 
0.0915 -0.0701991 
0.091525 -0.0701991 
0.09155 -0.0701992 
0.091575 -0.0701992 
0.0916 -0.0701993 
0.091625 -0.0701993 
0.09165 -0.0701994 
0.091675 -0.0701994 
0.0917 -0.0701995 
0.091725 -0.0701996 
0.09175 -0.0701996 
0.091775 -0.0701997 
0.0918 -0.0701997 
0.091825 -0.0701998 
0.09185 -0.0701998 
0.091875 -0.0701999 
0.0919 -0.0701999 
0.091925 -0.0702 
0.09195 -0.0702001 
0.091975 -0.0702002 
0.092 -0.0702004 
0.092025 -0.0702005 
0.09205 -0.0702007 
0.092075 -0.0702009 
0.0921 -0.070201 
0.092125 -0.0702012 
0.09215 -0.0702014 
0.092175 -0.0702015 
0.0922 -0.0702016 
0.092225 -0.0702018 
0.09225 -0.0702019 
0.092275 -0.070202 
0.0923 -0.0702021 
0.092325 -0.0702023 
0.09235 -0.0702024 
0.092375 -0.0702025 
0.0924 -0.0702026 
0.092425 -0.0702027 
0.09245 -0.0702028 
0.092475 -0.0702028 
0.0925 -0.0702029 
0.092525 -0.070203 
0.09255 -0.0702031 
0.092575 -0.0702032 
0.0926 -0.0702033 
0.092625 -0.0702034 
0.09265 -0.0702034 
0.092675 -0.0702035 
0.0927 -0.0702036 
0.092725 -0.0702037 
0.09275 -0.0702037 
0.092775 -0.0702038 
0.0928 -0.0702039 
0.092825 -0.070204 
0.09285 -0.070204 
0.092875 -0.0702041 
0.0929 -0.0702042 
0.092925 -0.0702042 
0.09295 -0.0702043 
0.092975 -0.0702044 
0.093 -0.0702044 
0.093025 -0.0702045 
0.09305 -0.0702045 
0.093075 -0.0702046 
0.0931 -0.0702047 
0.093125 -0.0702047 
0.09315 -0.0702048 
0.093175 -0.0702049 
0.0932 -0.0702049 
0.093225 -0.070205 
0.09325 -0.070205 
0.093275 -0.0702051 
0.0933 -0.0702052 
0.093325 -0.0702052 
0.09335 -0.0702053 
0.093375 -0.0702053 
0.0934 -0.0702054 
0.093425 -0.0702054 
0.09345 -0.0702055 
0.093475 -0.0702056 
0.0935 -0.0702056 
0.093525 -0.0702057 
0.09355 -0.0702057 
0.093575 -0.0702058 
0.0936 -0.0702058 
0.093625 -0.0702059 
0.09365 -0.070206 
0.093675 -0.070206 
0.0937 -0.0702061 
0.093725 -0.0702061 
0.09375 -0.0702062 
0.093775 -0.0702062 
0.0938 -0.0702063 
0.093825 -0.0702063 
0.09385 -0.0702064 
0.093875 -0.0702064 
0.0939 -0.0702065 
0.093925 -0.0702065 
0.09395 -0.0702066 
0.093975 -0.0702066 
0.094 -0.0702067 
0.094025 -0.0702067 
0.09405 -0.0702068 
0.094075 -0.0702068 
0.0941 -0.0702069 
0.094125 -0.0702069 
0.09415 -0.070207 
0.094175 -0.070207 
0.0942 -0.0702071 
0.094225 -0.0702071 
0.09425 -0.0702072 
0.094275 -0.0702072 
0.0943 -0.0702073 
0.094325 -0.0702073 
0.09435 -0.0702074 
0.094375 -0.0702074 
0.0944 -0.0702075 
0.094425 -0.0702075 
0.09445 -0.0702076 
0.094475 -0.0702076 
0.0945 -0.0702077 
0.094525 -0.0702077 
0.09455 -0.0702078 
0.094575 -0.0702078 
0.0946 -0.0702079 
0.094625 -0.0702079 
0.09465 -0.070208 
0.094675 -0.070208 
0.0947 -0.0702081 
0.094725 -0.0702081 
0.09475 -0.0702082 
0.094775 -0.0702082 
0.0948 -0.0702083 
0.094825 -0.0702083 
0.09485 -0.0702084 
0.094875 -0.0702084 
0.0949 -0.0702084 
0.094925 -0.0702085 
0.09495 -0.0702085 
0.094975 -0.0702086 
0.095 -0.0702086 
0.095025 -0.0702087 
0.09505 -0.0702087 
0.095075 -0.0702088 
0.0951 -0.0702088 
0.095125 -0.0702089 
0.09515 -0.0702089 
0.095175 -0.070209 
0.0952 -0.070209 
0.095225 -0.0702091 
0.09525 -0.0702091 
0.095275 -0.0702091 
0.0953 -0.0702092 
0.095325 -0.0702092 
0.09535 -0.0702093 
0.095375 -0.0702093 
0.0954 -0.0702094 
0.095425 -0.0702094 
0.09545 -0.0702095 
0.095475 -0.0702095 
0.0955 -0.0702095 
0.095525 -0.0702096 
0.09555 -0.0702096 
0.095575 -0.0702097 
0.0956 -0.0702097 
0.095625 -0.0702098 
0.09565 -0.0702098 
0.095675 -0.0702099 
0.0957 -0.0702099 
0.095725 -0.0702099 
0.09575 -0.07021 
0.095775 -0.07021 
0.0958 -0.0702101 
0.095825 -0.0702101 
0.09585 -0.0702102 
0.095875 -0.0702102 
0.0959 -0.0702103 
0.095925 -0.0702103 
0.09595 -0.0702103 
0.095975 -0.0702104 
0.096 -0.0702104 
0.096025 -0.0702105 
0.09605 -0.0702105 
0.096075 -0.0702106 
0.0961 -0.0702106 
0.096125 -0.0702106 
0.09615 -0.0702107 
0.096175 -0.0702107 
0.0962 -0.0702108 
0.096225 -0.0702108 
0.09625 -0.0702109 
0.096275 -0.0702109 
0.0963 -0.070211 
0.096325 -0.070211 
0.09635 -0.0702111 
0.096375 -0.0702111 
0.0964 -0.0702112 
0.096425 -0.0702113 
0.09645 -0.0702113 
0.096475 -0.0702114 
0.0965 -0.0702115 
0.096525 -0.0702116 
0.09655 -0.0702116 
0.096575 -0.0702117 
0.0966 -0.0702118 
0.096625 -0.0702118 
0.09665 -0.0702119 
0.096675 -0.070212 
0.0967 -0.070212 
0.096725 -0.0702121 
0.09675 -0.0702121 
0.096775 -0.0702122 
0.0968 -0.0702123 
0.096825 -0.0702123 
0.09685 -0.0702124 
0.096875 -0.0702124 
0.0969 -0.0702125 
0.096925 -0.0702125 
0.09695 -0.0702126 
0.096975 -0.0702126 
0.097 -0.0702127 
0.097025 -0.0702127 
0.09705 -0.0702128 
0.097075 -0.0702128 
0.0971 -0.0702129 
0.097125 -0.0702129 
0.09715 -0.070213 
0.097175 -0.070213 
0.0972 -0.0702131 
0.097225 -0.0702131 
0.09725 -0.0702132 
0.097275 -0.0702132 
0.0973 -0.0702133 
0.097325 -0.0702133 
0.09735 -0.0702134 
0.097375 -0.0702134 
0.0974 -0.0702135 
0.097425 -0.0702135 
0.09745 -0.0702135 
0.097475 -0.0702136 
0.0975 -0.0702136 
0.097525 -0.0702137 
0.09755 -0.0702137 
0.097575 -0.0702138 
0.0976 -0.0702138 
0.097625 -0.0702138 
0.09765 -0.0702139 
0.097675 -0.0702139 
0.0977 -0.070214 
0.097725 -0.070214 
0.09775 -0.0702141 
0.097775 -0.0702141 
0.0978 -0.0702141 
0.097825 -0.0702142 
0.09785 -0.0702142 
0.097875 -0.0702143 
0.0979 -0.0702143 
0.097925 -0.0702144 
0.09795 -0.0702144 
0.097975 -0.0702144 
0.098 -0.0702145 
0.098025 -0.0702145 
0.09805 -0.0702146 
0.098075 -0.0702146 
0.0981 -0.0702146 
0.098125 -0.0702147 
0.09815 -0.0702147 
0.098175 -0.0702148 
0.0982 -0.0702148 
0.098225 -0.0702148 
0.09825 -0.0702149 
0.098275 -0.0702149 
0.0983 -0.070215 
0.098325 -0.070215 
0.09835 -0.070215 
0.098375 -0.0702151 
0.0984 -0.0702151 
0.098425 -0.0702152 
0.09845 -0.0702152 
0.098475 -0.0702152 
0.0985 -0.0702153 
0.098525 -0.0702153 
0.09855 -0.0702154 
0.098575 -0.0702154 
0.0986 -0.0702154 
0.098625 -0.0702155 
0.09865 -0.0702155 
0.098675 -0.0702156 
0.0987 -0.0702156 
0.098725 -0.0702156 
0.09875 -0.0702157 
0.098775 -0.0702157 
0.0988 -0.0702158 
0.098825 -0.0702158 
0.09885 -0.0702158 
0.098875 -0.0702159 
0.0989 -0.0702159 
0.098925 -0.070216 
0.09895 -0.070216 
0.098975 -0.070216 
0.099 -0.0702161 
0.099025 -0.0702161 
0.09905 -0.0702161 
0.099075 -0.0702162 
0.0991 -0.0702162 
0.099125 -0.0702163 
0.09915 -0.0702163 
0.099175 -0.0702163 
0.0992 -0.0702164 
0.099225 -0.0702164 
0.09925 -0.0702165 
0.099275 -0.0702165 
0.0993 -0.0702165 
0.099325 -0.0702166 
0.09935 -0.0702166 
0.099375 -0.0702166 
0.0994 -0.0702167 
0.099425 -0.0702167 
0.09945 -0.0702168 
0.099475 -0.0702168 
0.0995 -0.0702168 
0.099525 -0.0702169 
0.09955 -0.0702169 
0.099575 -0.0702169 
0.0996 -0.070217 
0.099625 -0.070217 
0.09965 -0.0702171 
0.099675 -0.0702171 
0.0997 -0.0702171 
0.099725 -0.0702172 
0.09975 -0.0702172 
0.099775 -0.0702172 
0.0998 -0.0702173 
0.099825 -0.0702173 
0.09985 -0.0702174 
0.099875 -0.0702174 
0.0999 -0.0702174 
0.099925 -0.0702175 
0.09995 -0.0702175 
0.099975 -0.0702175 
