-0.0668658
-0.0668225
-0.0667965
-0.0667732
-0.0667524
-0.0667328
-0.0667142
-0.0666963
-0.0666791
-0.0666623
-0.0666461
-0.0666302
-0.0666146
-0.0665994
-0.0665845
-0.0665698
-0.0665554
-0.0665412
-0.0665273
-0.0665135
-0.0664999
-0.0664864
-0.0664731
-0.0664599
-0.0664469
-0.066434
-0.0664212
-0.0664085
-0.066396
-0.0663835
-0.0663711
-0.0663588
-0.0663465
-0.0663344
-0.0663223
-0.0663103
-0.0662983
-0.0662864
-0.0662745
-0.0662627
-0.066251
-0.0662393
-0.0662276
-0.066216
-0.0662044
-0.0661928
-0.0661813
-0.0661698
-0.0661584
-0.066147
-0.0661355
-0.0661242
-0.0661128
-0.0661014
-0.0660901
-0.0660788
-0.0660675
-0.0660563
-0.066045
-0.0660338
-0.0660225
-0.0660113
-0.0660001
-0.0659889
-0.0659777
-0.0659665
-0.0659553
-0.0659441
-0.0659329
-0.0659218
-0.0659106
-0.0658994
-0.0658882
-0.0658771
-0.0658659
-0.0658547
-0.0658435
-0.0658324
-0.0658212
-0.06581
-0.0657988
-0.0657876
-0.0657764
-0.0657652
-0.065754
-0.0657428
-0.0657316
-0.0657204
-0.0657091
-0.0656979
-0.0656867
-0.0656754
-0.0656641
-0.0656529
-0.0656416
-0.0656303
-0.065619
-0.0656077
-0.0655964
-0.0655851
-0.0655737
-0.0655624
-0.065551
-0.0655397
-0.0655283
-0.0655169
-0.0655055
-0.0654942
-0.0654827
-0.0654713
-0.0654599
-0.0654484
-0.0654369
-0.0654255
-0.065414
-0.0654025
-0.065391
-0.0653794
-0.0653679
-0.0653563
-0.0653448
-0.0653332
-0.0653216
-0.06531
-0.0652984
-0.0652868
-0.0652751
-0.0652634
-0.0652518
-0.0652401
-0.0652284
-0.0652167
-0.0652049
-0.0651932
-0.0651814
-0.0651697
-0.0651579
-0.0651461
-0.0651343
-0.0651224
-0.0651106
-0.0650987
-0.0650869
-0.065075
-0.0650631
-0.0650511
-0.0650392
-0.0650273
-0.0650153
-0.0650033
-0.0649914
-0.0649794
-0.0649673
-0.0649553
-0.0649433
-0.0649312
-0.0649191
-0.064907
-0.0648949
-0.0648828
-0.0648706
-0.0648585
-0.0648463
-0.0648341
-0.0648219
-0.0648097
-0.0647974
-0.0647852
-0.0647729
-0.0647606
-0.0647483
-0.064736
-0.0647237
-0.0647113
-0.0646989
-0.0646865
-0.0646741
-0.0646617
-0.0646493
-0.0646368
-0.0646244
-0.0646119
-0.0645994
-0.0645869
-0.0645743
-0.0645618
-0.0645492
-0.0645367
-0.0645241
-0.0645115
-0.0644988
-0.0644862
-0.0644735
-0.0644609
-0.0644482
-0.0644355
-0.0644227
-0.06441
-0.0643973
-0.0643845
-0.0643717
-0.0643589
-0.0643461
-0.0643333
-0.0643204
-0.0643076
-0.0642947
-0.0642818
-0.0642689
-0.064256
-0.064243
-0.0642301
-0.0642171
-0.0642041
-0.0641911
-0.0641781
-0.0641651
-0.064152
-0.064139
-0.0641259
-0.0641128
-0.0640997
-0.0640865
-0.0640734
-0.0640602
-0.064047
-0.0640338
-0.0640206
-0.0640073
-0.0639941
-0.0639808
-0.0639675
-0.0639542
-0.0639409
-0.0639275
-0.0639141
-0.0639008
-0.0638874
-0.063874
-0.0638606
-0.0638471
-0.0638336
-0.0638202
-0.0638067
-0.0637931
-0.0637796
-0.063766
-0.0637525
-0.0637389
-0.0637253
-0.0637117
-0.063698
-0.0636844
-0.0636707
-0.063657
-0.0636432
-0.0636295
-0.0636157
-0.063602
-0.0635882
-0.0635744
-0.0635605
-0.0635467
-0.0635328
-0.0635189
-0.063505
-0.0634911
-0.0634771
-0.0634632
-0.0634492
-0.0634352
-0.0634211
-0.0634071
-0.063393
-0.0633789
-0.0633648
-0.0633507
-0.0633366
-0.0633224
-0.0633082
-0.063294
-0.0632798
-0.0632656
-0.0632513
-0.063237
-0.0632227
-0.0632084
-0.0631941
-0.0631797
-0.0631653
-0.0631509
-0.0631365
-0.0631221
-0.0631076
-0.0630931
-0.0630786
-0.0630641
-0.0630495
-0.0630349
-0.0630203
-0.0630057
-0.062991
-0.0629764
-0.0629617
-0.062947
-0.0629322
-0.0629174
-0.0629027
-0.0628879
-0.062873
-0.0628582
-0.0628433
-0.0628284
-0.0628135
-0.0627986
-0.0627836
-0.0627686
-0.0627536
-0.0627386
-0.0627235
-0.0627084
-0.0626933
-0.0626782
-0.062663
-0.0626478
-0.0626326
-0.0626174
-0.0626021
-0.0625869
-0.0625716
-0.0625562
-0.0625409
-0.0625255
-0.0625101
-0.0624947
-0.0624792
-0.0624637
-0.0624482
-0.0624327
-0.0624171
-0.0624015
-0.0623859
-0.0623702
-0.0623546
-0.0623389
-0.0623232
-0.0623074
-0.0622916
-0.0622758
-0.06226
-0.0622441
-0.0622282
-0.0622123
-0.0621963
-0.0621803
-0.0621643
-0.0621483
-0.0621322
-0.0621161
-0.0620999
-0.0620837
-0.0620675
-0.0620513
-0.062035
-0.0620187
-0.0620024
-0.0619861
-0.0619697
-0.0619533
-0.0619369
-0.0619204
-0.0619039
-0.0618874
-0.0618708
-0.0618542
-0.0618376
-0.0618209
-0.0618042
-0.0617875
-0.0617707
-0.0617539
-0.0617371
-0.0617202
-0.0617033
-0.0616864
-0.0616694
-0.0616524
-0.0616354
-0.0616183
-0.0616011
-0.061584
-0.0615668
-0.0615496
-0.0615323
-0.061515
-0.0614976
-0.0614802
-0.0614627
-0.0614453
-0.0614277
-0.0614102
-0.0613926
-0.0613749
-0.0613572
-0.0613395
-0.0613217
-0.0613039
-0.0612861
-0.0612682
-0.0612503
-0.0612323
-0.0612143
-0.0611963
-0.0611782
-0.06116
-0.0611418
-0.0611236
-0.0611053
-0.061087
-0.0610686
-0.0610502
-0.0610317
-0.0610132
-0.0609947
-0.0609761
-0.0609574
-0.0609387
-0.06092
-0.0609012
-0.0608824
-0.0608635
-0.0608445
-0.0608255
-0.0608064
-0.0607873
-0.0607682
-0.0607489
-0.0607297
-0.0607103
-0.0606909
-0.0606715
-0.060652
-0.0606324
-0.0606128
-0.0605932
-0.0605734
-0.0605536
-0.0605338
-0.0605139
-0.060494
-0.060474
-0.0604539
-0.0604337
-0.0604135
-0.0603933
-0.0603729
-0.0603525
-0.0603321
-0.0603116
-0.060291
-0.0602704
-0.0602496
-0.0602288
-0.060208
-0.060187
-0.060166
-0.060145
-0.0601238
-0.0601026
-0.0600813
-0.06006
-0.0600386
-0.0600171
-0.0599955
-0.0599738
-0.0599521
-0.0599303
-0.0599084
-0.0598864
-0.0598644
-0.0598423
-0.05982
-0.0597978
-0.0597754
-0.0597529
-0.0597303
-0.0597077
-0.059685
-0.0596622
-0.0596393
-0.0596163
-0.0595932
-0.05957
-0.0595467
-0.0595233
-0.0594999
-0.0594762
-0.0594525
-0.0594288
-0.0594049
-0.059381
-0.0593569
-0.0593327
-0.0593085
-0.0592841
-0.0592596
-0.059235
-0.0592103
-0.0591855
-0.0591606
-0.0591356
-0.0591104
-0.0590852
-0.0590598
-0.0590343
-0.0590086
-0.0589829
-0.058957
-0.058931
-0.0589048
-0.0588786
-0.0588522
-0.0588257
-0.0587991
-0.0587722
-0.0587453
-0.0587181
-0.0586909
-0.0586634
-0.0586359
-0.0586082
-0.0585803
-0.0585523
-0.0585242
-0.0584959
-0.0584674
-0.0584388
-0.0584099
-0.058381
-0.0583518
-0.0583225
-0.058293
-0.0582633
-0.0582335
-0.0582034
-0.0581732
-0.0581428
-0.0581121
-0.0580813
-0.0580503
-0.0580191
-0.0579877
-0.057956
-0.0579242
-0.0578922
-0.0578598
-0.0578273
-0.0577946
-0.0577616
-0.0577284
-0.0576949
-0.0576612
-0.0576272
-0.057593
-0.0575585
-0.0575237
-0.0574887
-0.0574534
-0.0574178
-0.057382
-0.0573458
-0.0573093
-0.0572725
-0.0572354
-0.057198
-0.0571602
-0.0571221
-0.0570837
-0.0570449
-0.0570057
-0.0569662
-0.0569264
-0.0568862
-0.0568455
-0.0568044
-0.056763
-0.0567212
-0.0566789
-0.0566362
-0.056593
-0.0565493
-0.0565051
-0.0564605
-0.0564154
-0.0563698
-0.0563237
-0.0562771
-0.0562299
-0.056182
-0.0561336
-0.0560846
-0.0560349
-0.0559845
-0.0559335
-0.0558818
-0.0558294
-0.0557763
-0.0557224
-0.0556678
-0.0556124
-0.0555561
-0.0554991
-0.055441
-0.055382
-0.055322
-0.0552611
-0.0551991
-0.055136
-0.0550718
-0.0550064
-0.0549398
-0.0548719
-0.0548026
-0.054732
-0.0546599
-0.0545863
-0.054511
-0.0544341
-0.0543553
-0.0542746
-0.054192
-0.0541071
-0.0540201
-0.0539306
-0.0538385
-0.0537437
-0.0536459
-0.0535449
-0.0534406
-0.0533325
-0.0532205
-0.0531043
-0.0529834
-0.0528574
-0.0527258
-0.0525879
-0.052443
-0.0522902
-0.0521287
-0.0519571
-0.0517741
-0.0515779
-0.051366
-0.0511356
-0.0508829
-0.050603
-0.0502894
-0.0499328
-0.0495219
-0.049042
-0.0484789
-0.0478266
-0.0470974
-0.0463209
-0.0455251
-0.0447227
-0.0439142
-0.0430937
-0.0422525
-0.0413819
-0.0404718
-0.039512
-0.0384917
-0.037398
-0.0362175
-0.0349353
-0.033534
-0.031995
-0.0302979
-0.028422
-0.0263469
-0.0240512
-0.0215164
-0.0187176
-0.0156257
-0.0122021
-0.00840609
-0.00420326
0.000401235
0.00532521
0.0103572
0.015183
0.019472
0.0230191
0.025795
0.0279001
0.0294811
0.030673
0.0315803
0.032277
0.0328144
0.0332277
0.0335416
0.033774
0.0339386
0.0340465
0.0341069
0.0341282
0.0341174
0.034081
0.0340245
0.0339527
0.0338696
0.0337785
0.0336821
0.0335821
0.0334801
0.0333769
0.0332724
0.0331662
0.0330576
0.0329457
0.0328291
0.0327075
0.0325803
0.0324469
0.0323074
0.0321611
0.0320092
0.0318516
0.0316889
0.0315214
0.0313491
0.0311732
0.0309939
0.0308117
0.0306262
0.0304388
0.0302494
0.0300577
0.0298647
0.0296705
0.0294742
0.0292773
0.0290793
0.0288797
0.0286796
0.0284778
0.0282758
0.0280731
0.0278689
0.0276645
0.0274585
0.0272525
0.027046
0.0268381
0.0266302
0.0264209
0.0262118
0.0260012
0.0257909
0.0255793
0.0253681
0.0251556
0.0249436
0.0247303
0.0245177
0.0243038
0.0240908
0.0238766
0.0236633
0.0234489
0.0232355
0.0230211
0.0228078
0.0225936
0.0223791
0.022166
0.0219521
0.0217396
0.0215263
0.0213145
0.0211018
0.0208891
0.0206781
0.0204664
0.0202563
0.0200456
0.0198348
0.0196259
0.0194171
0.019209
0.0190023
0.0187956
0.0185902
0.0183849
0.01818
0.0179764
0.0177729
0.0175698
0.0173681
0.0171664
0.0169653
0.0167653
0.0165656
0.0163662
0.0161683
0.0159705
0.015773
0.0155771
0.0153811
0.0151857
0.0149916
0.0147977
0.0146043
0.0144123
0.0142205
0.0140291
0.0138392
0.0136492
0.0134598
0.013272
0.0130842
0.0128968
0.0127098
0.0125246
0.0123393
0.0121545
0.0119713
0.0117881
0.0116053
0.011423
0.0112423
0.0110634
0.0108842
0.0107062
0.0105283
0.0103506
0.0101743
0.00999801
0.00982198
0.00964637
0.009472
0.00929777
0.0091238
0.00895118
0.00877861
0.00860637
0.00843447
0.00826376
0.00809304
0.00792258
0.00775324
0.00758399
0.00741483
0.00724606
0.00707825
0.00691039
0.00674284
0.00657617
0.00640942
0.00624288
0.00607638
0.00591083
0.0057452
0.00557953
0.00541481
0.00524993
0.00508499
0.00492087
0.00475659
0.00459241
0.00442803
0.0042645
0.00410071
0.00393694
0.00377367
0.00361007
0.00344643
0.00328321
0.0031196
0.00295598
0.00279234
0.00262912
0.00246551
0.00230179
0.00213875
0.00197522
0.00181155
0.00164851
0.00148493
0.00132122
0.00115821
0.000995007
0.000831487
0.000668722
0.000505707
0.000342854
0.000180518
1.80409e-05
-0.000144244
-0.000305533
-0.000467035
-0.000628296
-0.000788456
-0.000948446
-0.00110785
-0.0012664
-0.00142469
-0.00158242
-0.00173879
-0.00189464
-0.00204976
-0.00220345
-0.00235694
-0.00250966
-0.00266098
-0.00281159
-0.00296065
-0.00310906
-0.00325657
-0.00340248
-0.00354765
-0.00369147
-0.00383355
-0.00397483
-0.00411461
-0.0042537
-0.00439191
-0.00452822
-0.0046637
-0.00479836
-0.00493115
-0.00506324
-0.00519384
-0.0053235
-0.00545229
-0.0055797
-0.00570628
-0.00583144
-0.00595576
-0.00607934
-0.00620124
-0.00632269
-0.00644252
-0.00656152
-0.00667928
-0.00679634
-0.00691244
-0.0070273
-0.00714156
-0.00725436
-0.00736682
-0.00747798
-0.00758855
-0.00769829
-0.00780662
-0.00791469
-0.00802154
-0.00812789
-0.00823294
-0.00833749
-0.00844076
-0.00854355
-0.00864514
-0.00874625
-0.00884673
-0.00894608
-0.00904502
-0.00914281
-0.00924024
-0.0093366
-0.00943268
-0.00952777
-0.00962258
-0.00971644
-0.0098101
-0.00990283
-0.00999539
-0.0100866
-0.0101775
-0.0102675
-0.0103573
-0.0104462
-0.0105345
-0.010622
-0.0107092
-0.0107956
-0.010881
-0.0109663
-0.0110507
-0.0111352
-0.0112185
-0.0113016
-0.0113841
-0.0114661
-0.0115473
-0.0116281
-0.011708
-0.0117874
-0.0118665
-0.0119449
-0.0120229
-0.0121002
-0.0121775
-0.0122539
-0.0123298
-0.0124054
-0.0124804
-0.0125551
-0.0126292
-0.012703
-0.0127762
-0.0128486
-0.0129208
-0.0129923
-0.0130635
-0.0131342
-0.0132042
-0.0132744
-0.0133437
-0.0134129
-0.0134814
-0.0135493
-0.013617
-0.0136842
-0.0137508
-0.0138176
-0.0138837
-0.0139491
-0.0140144
-0.0140792
-0.014144
-0.014208
-0.0142717
-0.0143354
-0.0143984
-0.0144608
-0.0145234
-0.0145854
-0.0146469
-0.0147083
-0.0147693
-0.0148299
-0.0148905
-0.0149504
-0.0150102
-0.01507
-0.0151293
-0.015188
-0.0152468
-0.0153049
-0.0153628
-0.0154204
-0.0154781
-0.0155353
-0.015592
-0.0156486
-0.0157046
-0.0157605
-0.0158162
-0.015872
-0.0159273
-0.0159822
-0.0160372
-0.0160917
-0.0161457
-0.0161993
-0.016253
-0.0163065
-0.0163598
-0.0164129
-0.0164661
-0.0165189
-0.0165713
-0.0166239
-0.016676
-0.0167278
-0.0167792
-0.0168307
-0.0168818
-0.0169326
-0.0169832
-0.0170334
-0.0170838
-0.0171338
-0.0171835
-0.017233
-0.0172826
-0.0173318
-0.0173807
-0.0174295
-0.017478
-0.0175267
-0.017575
-0.0176232
-0.0176711
-0.0177192
-0.017767
-0.0178146
-0.017862
-0.0179091
-0.0179566
-0.0180037
-0.0180506
-0.0180974
-0.0181436
-0.01819
-0.0182359
-0.0182816
-0.0183271
-0.0183724
-0.0184175
-0.018463
-0.0185082
-0.0185532
-0.0185982
-0.0186426
-0.0186868
-0.0187312
-0.0187752
-0.0188192
-0.0188629
-0.0189066
-0.0189501
-0.018994
-0.0190373
-0.0190803
-0.0191231
-0.0191657
-0.0192083
-0.0192508
-0.0192936
-0.0193359
-0.0193779
-0.0194196
-0.0194613
-0.0195029
-0.0195444
-0.0195859
-0.0196271
-0.0196681
-0.0197089
-0.0197497
-0.0197901
-0.0198303
-0.0198703
-0.0199106
-0.0199507
-0.0199907
-0.0200304
-0.0200699
-0.0201092
-0.0201485
-0.0201874
-0.0202261
-0.0202647
-0.0203036
-0.0203422
-0.0203805
-0.0204186
-0.0204566
-0.0204945
-0.020532
-0.0205694
-0.0206066
-0.0206438
-0.0206806
-0.0207177
-0.0207545
-0.0207912
-0.0208275
-0.0208637
-0.0208997
-0.0209354
-0.020971
-0.0210064
-0.0210418
-0.0210769
-0.0211118
-0.0211466
-0.0211814
-0.0212159
-0.0212503
-0.0212846
-0.0213186
-0.0213525
-0.0213862
-0.0214196
-0.0214528
-0.0214859
-0.0215187
-0.0215513
-0.0215838
-0.0216159
-0.0216479
-0.0216795
-0.0217109
-0.0217421
-0.021773
-0.0218041
-0.021835
-0.0218655
-0.0218957
-0.0219256
-0.0219553
-0.0219848
-0.0220139
-0.0220429
-0.0220715
-0.0220998
-0.0221278
-0.0221555
-0.0221831
-0.0222103
-0.0222373
-0.0222639
-0.0222902
-0.0223162
-0.0223419
-0.0223672
-0.0223922
-0.0224168
-0.0224411
-0.0224649
-0.0224885
-0.0225116
-0.0225345
-0.0225568
-0.0225789
-0.0226005
-0.0226217
-0.0226424
-0.0226626
-0.0226823
-0.0227014
-0.0227201
-0.0227382
-0.0227556
-0.0227726
-0.0227889
-0.0228044
-0.0228193
-0.0228335
-0.0228468
-0.0228592
-0.0228709
-0.0228817
-0.0228915
-0.0229002
-0.0229081
-0.0229149
-0.0229205
-0.0229248
-0.0229277
-0.0229291
-0.0229289
-0.0229271
-0.0229235
-0.0229179
-0.0229103
-0.0229004
-0.0228881
-0.0228729
-0.0228547
-0.0228333
-0.0228081
-0.0227785
-0.0227444
-0.0227051
-0.0226601
-0.0226086
-0.0225496
-0.0224818
-0.022404
-0.0223149
-0.0222125
-0.0220948
-0.0219596
-0.0218053
-0.0216309
-0.0214365
-0.0212246
-0.0209995
-0.0207664
-0.0205306
-0.0202969
-0.0200686
-0.0198483
-0.0196373
-0.0194362
-0.0192452
-0.0190641
-0.0188929
-0.0187308
-0.0185776
-0.0184326
-0.0182958
-0.0181668
-0.0180454
-0.017931
-0.0178237
-0.017723
-0.0176289
-0.0175412
-0.0174591
-0.0173833
-0.0173134
-0.0172491
-0.0171903
-0.0171369
-0.0170886
-0.0170455
-0.017007
-0.0169738
-0.0169453
-0.0169213
-0.016902
-0.0168872
-0.0168766
-0.0168701
-0.0168674
-0.0168688
-0.016874
-0.016883
-0.0168954
-0.0169113
-0.0169306
-0.0169532
-0.0169788
-0.0170075
-0.0170393
-0.0170738
-0.0171111
-0.0171511
-0.0171938
-0.0172387
-0.017286
-0.0173351
-0.0173865
-0.01744
-0.0174955
-0.0175527
-0.017612
-0.0176729
-0.0177355
-0.0177994
-0.0178644
-0.0179309
-0.0179988
-0.0180679
-0.0181384
-0.01821
-0.0182829
-0.0183568
-0.0184321
-0.0185085
-0.0185857
-0.0186641
-0.0187437
-0.0188242
-0.0189057
-0.0189884
-0.0190719
-0.0191563
-0.0192417
-0.0193279
-0.0194148
-0.0195022
-0.0195905
-0.0196795
-0.019769
-0.0198593
-0.0199501
-0.0200416
-0.0201335
-0.0202259
-0.0203188
-0.0204121
-0.0205059
-0.0205998
-0.0206941
-0.0207888
-0.0208838
-0.0209791
-0.0210747
-0.0211707
-0.021267
-0.0213636
-0.0214605
-0.0215577
-0.0216551
-0.0217527
-0.0218506
-0.0219484
-0.0220463
-0.0221443
-0.0222424
-0.0223407
-0.0224391
-0.0225376
-0.0226363
-0.0227352
-0.0228341
-0.0229332
-0.0230325
-0.0231318
-0.0232314
-0.023331
-0.0234308
-0.0235304
-0.0236302
-0.0237302
-0.0238303
-0.0239306
-0.0240311
-0.0241318
-0.0242327
-0.0243337
-0.0244349
-0.0245362
-0.0246378
-0.0247396
-0.0248416
-0.0249438
-0.0250463
-0.0251491
-0.0252518
-0.0253552
-0.025459
-0.0255632
-0.0256679
-0.0257729
-0.0258784
-0.0259843
-0.0260906
-0.0261973
-0.0263044
-0.0264121
-0.0265205
-0.0266293
-0.0267387
-0.0268487
-0.0269592
-0.0270704
-0.0271823
-0.0272945
-0.0274074
-0.0275212
-0.0276357
-0.027751
-0.0278671
-0.027984
-0.0281017
-0.0282201
-0.0283394
-0.0284593
-0.0285801
-0.0287017
-0.028824
-0.0289471
-0.0290707
-0.029195
-0.0293199
-0.029445
-0.0295707
-0.0296969
-0.0298233
-0.0299501
-0.0300771
-0.0302041
-0.0303311
-0.0304578
-0.0305842
-0.0307101
-0.0308355
-0.0309601
-0.0310839
-0.0312067
-0.0313285
-0.0314489
-0.031568
-0.0316857
-0.0318015
-0.0319159
-0.0320286
-0.0321395
-0.0322486
-0.0323557
-0.032461
-0.0325644
-0.0326658
-0.0327652
-0.0328625
-0.0329578
-0.0330512
-0.0331425
-0.0332316
-0.0333188
-0.0334039
-0.0334868
-0.0335678
-0.0336468
-0.033724
-0.0337992
-0.0338726
-0.0339441
-0.0340139
-0.0340819
-0.0341482
-0.0342127
-0.0342756
-0.0343369
-0.0343966
-0.0344543
-0.0345108
-0.0345658
-0.0346194
-0.0346716
-0.0347224
-0.0347718
-0.0348199
-0.0348667
-0.0349123
-0.0349566
-0.0349998
-0.0350417
-0.0350821
-0.0351215
-0.0351598
-0.0351972
-0.0352334
-0.0352687
-0.035303
-0.0353365
-0.0353689
-0.0354005
-0.0354312
-0.0354608
-0.0354897
-0.0355177
-0.035545
-0.0355715
-0.0355973
-0.0356223
-0.0356466
-0.0356702
-0.0356928
-0.0357149
-0.0357365
-0.0357574
-0.0357779
-0.0357977
-0.035817
-0.0358358
-0.035854
-0.0358715
-0.0358886
-0.0359052
-0.0359214
-0.0359372
-0.0359525
-0.0359674
-0.0359819
-0.0359958
-0.0360092
-0.0360224
-0.0360353
-0.0360477
-0.0360597
-0.0360715
-0.0360829
-0.0360936
-0.0361041
-0.0361144
-0.0361244
-0.0361341
-0.0361434
-0.0361524
-0.0361612
-0.0361695
-0.0361775
-0.0361853
-0.0361927
-0.0361998
-0.0362066
-0.0362132
-0.0362193
-0.0362252
-0.0362309
-0.0362363
-0.0362413
-0.0362461
-0.0362506
-0.0362547
-0.0362586
-0.0362623
-0.0362658
-0.036269
-0.036272
-0.0362744
-0.0362767
-0.0362788
-0.0362806
-0.0362821
-0.0362834
-0.0362844
-0.0362849
-0.0362853
-0.0362854
-0.0362853
-0.036285
-0.0362845
-0.0362835
-0.0362824
-0.036281
-0.0362795
-0.0362778
-0.0362758
-0.0362735
-0.036271
-0.0362683
-0.0362655
-0.0362626
-0.0362594
-0.0362559
-0.0362522
-0.0362485
-0.0362445
-0.0362402
-0.0362358
-0.0362309
-0.0362259
-0.0362208
-0.0362156
-0.0362103
-0.0362048
-0.0361989
-0.0361929
-0.0361867
-0.0361804
-0.0361739
-0.036167
-0.0361601
-0.0361531
-0.036146
-0.0361387
-0.0361312
-0.0361233
-0.0361154
-0.0361074
-0.0360993
-0.0360909
-0.0360822
-0.0360734
-0.0360645
-0.0360555
-0.0360464
-0.0360372
-0.0360274
-0.0360177
-0.0360079
-0.035998
-0.0359879
-0.0359774
-0.0359669
-0.0359563
-0.0359456
-0.0359347
-0.0359237
-0.0359123
-0.0359009
-0.0358895
-0.0358779
-0.0358662
-0.0358541
-0.035842
-0.0358297
-0.0358174
-0.0358049
-0.0357921
-0.0357791
-0.0357661
-0.035753
-0.0357398
-0.0357261
-0.0357124
-0.0356987
-0.0356847
-0.0356706
-0.0356564
-0.0356419
-0.0356273
-0.0356126
-0.0355978
-0.0355828
-0.0355674
-0.0355521
-0.0355367
-0.0355211
-0.0355054
-0.0354894
-0.0354733
-0.035457
-0.0354407
-0.0354242
-0.0354074
-0.0353905
-0.0353735
-0.0353563
-0.0353391
-0.0353214
-0.0353037
-0.0352859
-0.035268
-0.0352499
-0.0352314
-0.0352128
-0.0351941
-0.0351753
-0.0351563
-0.035137
-0.0351176
-0.0350981
-0.0350784
-0.0350585
-0.0350386
-0.0350182
-0.0349978
-0.0349772
-0.0349565
-0.0349357
-0.0349144
-0.0348931
-0.0348715
-0.0348499
-0.034828
-0.0348057
-0.0347835
-0.0347611
-0.0347385
-0.0347157
-0.0346926
-0.0346692
-0.0346458
-0.0346221
-0.0345983
-0.034574
-0.0345496
-0.0345249
-0.0345002
-0.0344753
-0.03445
-0.0344244
-0.0343988
-0.0343728
-0.0343467
-0.03432
-0.0342933
-0.0342663
-0.0342392
-0.0342118
-0.034184
-0.034156
-0.0341279
-0.0340995
-0.0340708
-0.0340416
-0.0340122
-0.0339826
-0.0339528
-0.0339228
-0.0338922
-0.0338613
-0.0338302
-0.0337988
-0.033767
-0.033735
-0.0337023
-0.0336696
-0.0336366
-0.0336031
-0.0335694
-0.0335351
-0.0335005
-0.0334656
-0.0334304
-0.0333947
-0.0333582
-0.0333216
-0.0332845
-0.0332469
-0.0332087
-0.03317
-0.0331309
-0.0330912
-0.033051
-0.0330104
-0.0329691
-0.0329273
-0.0328848
-0.0328418
-0.0327981
-0.0327534
-0.0327083
-0.0326626
-0.0326162
-0.032569
-0.0325211
-0.0324722
-0.0324225
-0.0323719
-0.0323205
-0.0322681
-0.0322146
-0.0321602
-0.0321047
-0.0320482
-0.0319904
-0.0319311
-0.0318705
-0.0318087
-0.0317455
-0.0316807
-0.0316141
-0.031546
-0.0314759
-0.0314041
-0.0313304
-0.0312545
-0.0311761
-0.0310954
-0.0310118
-0.0309256
-0.0308363
-0.0307434
-0.030647
-0.0305466
-0.030442
-0.0303327
-0.0302181
-0.0300981
-0.0299718
-0.0298386
-0.0296975
-0.0295473
-0.0293873
-0.029216
-0.029032
-0.0288331
-0.028617
-0.0283808
-0.0281215
-0.0278353
-0.027518
-0.027166
-0.0267765
-0.0263501
-0.0258917
-0.0254108
-0.0249197
-0.0244283
-0.023943
-0.0234661
-0.0229981
-0.0225382
-0.0220852
-0.0216386
-0.0211975
-0.0207613
-0.0203297
-0.0199026
-0.01948
-0.0190617
-0.0186478
-0.018238
-0.0178331
-0.0174332
-0.0170387
-0.0166497
-0.0162664
-0.0158896
-0.0155194
-0.0151564
-0.0148006
-0.0144528
-0.0141132
-0.0137819
-0.0134592
-0.0131453
-0.0128406
-0.0125453
-0.0122597
-0.0119841
-0.0117187
-0.0114638
-0.0112196
-0.0109861
-0.0107628
-0.0105506
-0.0103493
-0.0101585
-0.00997877
-0.0098094
-0.00965092
-0.00950314
-0.00936588
-0.00923887
-0.00912148
-0.00901424
-0.00891686
-0.00882908
-0.00875063
-0.00868125
-0.00862079
-0.00856908
-0.00852586
-0.00849081
-0.00846332
-0.00844381
-0.00843161
-0.00842668
-0.00842875
-0.00843755
-0.0084524
-0.00847381
-0.00850115
-0.00853438
-0.00857291
-0.00861672
-0.0086656
-0.00871902
-0.0087772
-0.00883983
-0.00890666
-0.00897782
-0.00905295
-0.0091321
-0.00921457
-0.00930082
-0.00939068
-0.00948371
-0.00957995
-0.00967931
-0.00978165
-0.00988681
-0.00999468
-0.0101048
-0.0102177
-0.0103331
-0.0104507
-0.0105707
-0.0106928
-0.0108167
-0.0109425
-0.0110701
-0.0111996
-0.0113305
-0.0114629
-0.011597
-0.0117324
-0.0118693
-0.0120076
-0.0121474
-0.0122881
-0.01243
-0.0125731
-0.0127173
-0.0128627
-0.0130091
-0.0131565
-0.0133048
-0.0134541
-0.0136042
-0.0137548
-0.0139063
-0.0140586
-0.0142116
-0.0143653
-0.0145196
-0.0146744
-0.0148298
-0.0149857
-0.0151421
-0.015299
-0.0154563
-0.0156143
-0.0157728
-0.0159319
-0.0160913
-0.0162511
-0.0164117
-0.0165727
-0.0167341
-0.0168958
-0.0170578
-0.0172205
-0.0173835
-0.0175468
-0.0177105
-0.0178747
-0.0180392
-0.0182041
-0.0183696
-0.0185356
-0.0187018
-0.0188687
-0.0190359
-0.0192035
-0.0193716
-0.0195402
-0.0197091
-0.0198786
-0.0200486
-0.0202189
-0.0203899
-0.0205613
-0.0207334
-0.0209061
-0.0210795
-0.0212534
-0.0214282
-0.0216036
-0.0217798
-0.0219567
-0.0221345
-0.0223129
-0.0224923
-0.0226724
-0.0228536
-0.0230358
-0.0232189
-0.0234031
-0.0235884
-0.0237748
-0.0239623
-0.0241512
-0.0243415
-0.0245329
-0.0247257
-0.0249199
-0.0251156
-0.0253129
-0.0255118
-0.0257124
-0.0259147
-0.0261188
-0.0263245
-0.0265321
-0.0267414
-0.0269527
-0.0271659
-0.0273808
-0.0275976
-0.027816
-0.0280362
-0.0282581
-0.0284818
-0.028707
-0.0289338
-0.0291619
-0.0293913
-0.0296218
-0.0298533
-0.0300857
-0.0303187
-0.0305521
-0.0307858
-0.0310195
-0.0312531
-0.0314863
-0.0317188
-0.0319505
-0.0321813
-0.0324107
-0.0326388
-0.0328652
-0.0330898
-0.0333125
-0.033533
-0.0337513
-0.0339673
-0.0341809
-0.0343921
-0.0346004
-0.0348061
-0.0350089
-0.0352089
-0.0354059
-0.0356
-0.0357911
-0.0359791
-0.0361641
-0.036346
-0.0365248
-0.0367006
-0.0368735
-0.0370433
-0.03721
-0.0373739
-0.0375348
-0.0376927
-0.0378477
-0.0379998
-0.0381491
-0.0382956
-0.0384393
-0.0385803
-0.0387186
-0.0388544
-0.0389877
-0.0391183
-0.0392466
-0.0393722
-0.0394956
-0.0396164
-0.0397351
-0.0398514
-0.0399655
-0.0400774
-0.0401871
-0.0402947
-0.0404002
-0.0405037
-0.0406053
-0.0407049
-0.0408027
-0.0408986
-0.0409926
-0.0410847
-0.0411751
-0.0412638
-0.0413509
-0.0414363
-0.0415202
-0.0416024
-0.0416832
-0.0417624
-0.0418402
-0.0419165
-0.0419914
-0.0420649
-0.0421371
-0.042208
-0.0422776
-0.042346
-0.0424131
-0.0424791
-0.0425439
-0.0426075
-0.04267
-0.0427314
-0.0427918
-0.042851
-0.0429093
-0.0429666
-0.0430229
-0.0430782
-0.0431326
-0.043186
-0.0432384
-0.0432899
-0.0433406
-0.0433903
-0.0434392
-0.0434872
-0.0435344
-0.0435807
-0.043626
-0.0436707
-0.0437145
-0.0437577
-0.0438001
-0.0438418
-0.0438828
-0.043923
-0.0439626
-0.0440014
-0.0440396
-0.0440772
-0.044114
-0.0441502
-0.0441858
-0.0442208
-0.0442551
-0.0442888
-0.044322
-0.0443542
-0.044386
-0.0444173
-0.044448
-0.0444781
-0.0445077
-0.0445367
-0.0445653
-0.0445933
-0.0446208
-0.0446479
-0.0446744
-0.0447004
-0.044726
-0.0447512
-0.0447757
-0.0447998
-0.0448235
-0.0448467
-0.0448696
-0.044892
-0.0449141
-0.0449358
-0.044957
-0.044978
-0.0449985
-0.0450187
-0.0450385
-0.0450577
-0.0450767
-0.0450953
-0.0451136
-0.0451316
-0.0451494
-0.0451667
-0.0451838
-0.0452006
-0.0452171
-0.0452334
-0.0452493
-0.0452647
-0.04528
-0.0452949
-0.0453096
-0.0453241
-0.0453383
-0.0453523
-0.045366
-0.0453795
-0.0453928
-0.0454058
-0.0454183
-0.0454307
-0.0454429
-0.0454549
-0.0454667
-0.0454782
-0.0454896
-0.0455007
-0.0455116
-0.0455224
-0.0455327
-0.0455428
-0.0455528
-0.0455626
-0.0455722
-0.0455817
-0.0455909
-0.0455999
-0.0456087
-0.0456172
-0.0456255
-0.0456337
-0.0456417
-0.0456496
-0.0456572
-0.0456647
-0.0456721
-0.0456792
-0.045686
-0.0456927
-0.0456992
-0.0457055
-0.0457118
-0.0457179
-0.0457239
-0.0457298
-0.0457354
-0.0457407
-0.0457459
-0.0457509
-0.0457559
-0.0457608
-0.0457656
-0.0457702
-0.0457746
-0.045779
-0.045783
-0.0457869
-0.0457907
-0.0457943
-0.0457978
-0.0458012
-0.0458045
-0.0458077
-0.0458106
-0.0458135
-0.0458162
-0.0458189
-0.0458215
-0.0458239
-0.0458262
-0.0458284
-0.0458302
-0.045832
-0.0458337
-0.0458352
-0.0458367
-0.045838
-0.0458393
-0.0458404
-0.0458411
-0.0458418
-0.0458425
-0.045843
-0.0458434
-0.0458437
-0.0458439
-0.045844
-0.0458438
-0.0458436
-0.0458432
-0.0458428
-0.0458423
-0.0458417
-0.045841
-0.0458403
-0.0458392
-0.0458381
-0.0458369
-0.0458357
-0.0458344
-0.045833
-0.0458315
-0.0458299
-0.045828
-0.0458262
-0.0458243
-0.0458223
-0.0458202
-0.0458181
-0.0458159
-0.0458135
-0.045811
-0.0458085
-0.045806
-0.0458033
-0.0458007
-0.0457979
-0.045795
-0.0457918
-0.0457885
-0.0457852
-0.0457817
-0.0457782
-0.0457747
-0.045771
-0.0457673
-0.0457633
-0.0457593
-0.0457553
-0.0457513
-0.0457472
-0.0457429
-0.0457386
-0.0457339
-0.0457292
-0.0457245
-0.0457198
-0.0457149
-0.0457101
-0.0457052
-0.0457002
-0.045695
-0.0456897
-0.0456843
-0.0456789
-0.0456733
-0.0456677
-0.0456621
-0.0456561
-0.0456502
-0.0456442
-0.0456381
-0.0456319
-0.0456256
-0.0456192
-0.0456126
-0.045606
-0.0455994
-0.0455925
-0.0455856
-0.0455786
-0.0455715
-0.0455644
-0.045557
-0.0455496
-0.0455421
-0.0455345
-0.0455268
-0.0455191
-0.0455113
-0.0455032
-0.0454952
-0.045487
-0.0454787
-0.0454704
-0.045462
-0.0454535
-0.045445
-0.0454361
-0.0454272
-0.0454183
-0.0454092
-0.0454002
-0.045391
-0.0453818
-0.0453722
-0.0453626
-0.0453529
-0.0453432
-0.0453334
-0.0453234
-0.0453133
-0.0453032
-0.0452929
-0.0452824
-0.0452718
-0.0452611
-0.0452504
-0.0452397
-0.0452287
-0.0452175
-0.0452062
-0.0451949
-0.0451834
-0.0451718
-0.0451601
-0.0451483
-0.0451363
-0.045124
-0.0451117
-0.0450993
-0.0450868
-0.0450741
-0.0450613
-0.0450484
-0.0450351
-0.0450218
-0.0450084
-0.044995
-0.0449813
-0.0449675
-0.0449536
-0.0449397
-0.0449253
-0.0449109
-0.0448964
-0.0448817
-0.0448669
-0.0448519
-0.0448369
-0.0448216
-0.044806
-0.0447904
-0.0447746
-0.0447586
-0.0447425
-0.0447261
-0.0447096
-0.0446928
-0.0446758
-0.0446587
-0.0446414
-0.0446239
-0.0446062
-0.0445883
-0.0445702
-0.0445517
-0.0445332
-0.0445144
-0.0444955
-0.0444763
-0.0444568
-0.0444373
-0.0444174
-0.0443971
-0.0443766
-0.0443558
-0.0443349
-0.0443137
-0.0442923
-0.0442706
-0.0442486
-0.0442261
-0.0442034
-0.0441805
-0.0441573
-0.0441339
-0.0441101
-0.0440861
-0.0440616
-0.0440367
-0.0440115
-0.043986
-0.0439601
-0.043934
-0.0439074
-0.0438805
-0.0438532
-0.0438253
-0.043797
-0.0437683
-0.0437392
-0.0437096
-0.0436796
-0.0436492
-0.0436181
-0.0435864
-0.0435543
-0.0435218
-0.0434887
-0.043455
-0.0434209
-0.0433861
-0.0433507
-0.0433146
-0.0432779
-0.0432405
-0.0432023
-0.0431636
-0.0431241
-0.0430838
-0.0430426
-0.0430004
-0.0429575
-0.0429138
-0.0428691
-0.0428235
-0.0427769
-0.0427292
-0.0426803
-0.0426301
-0.0425788
-0.0425262
-0.0424724
-0.0424172
-0.0423607
-0.0423026
-0.0422431
-0.0421816
-0.0421183
-0.0420533
-0.0419864
-0.0419174
-0.0418463
-0.0417726
-0.0416966
-0.0416178
-0.0415361
-0.0414513
-0.0413635
-0.0412721
-0.0411769
-0.0410776
-0.0409738
-0.0408651
-0.0407509
-0.040631
-0.0405044
-0.0403707
-0.0402288
-0.0400777
-0.0399161
-0.0397428
-0.0395556
-0.0393523
-0.0391305
-0.0388863
-0.0386153
-0.038312
-0.0379691
-0.0375782
-0.0371302
-0.0366182
-0.0360447
-0.0354238
-0.0347769
-0.0341199
-0.0334604
-0.0327988
-0.0321321
-0.0314566
-0.030769
-0.0300651
-0.0293418
-0.0285958
-0.0278242
-0.0270251
-0.0261957
-0.0253336
-0.0244375
-0.0235053
-0.0225361
-0.0215276
-0.0204791
-0.0193897
-0.0182588
-0.017087
-0.0158738
-0.0146208
-0.0133296
-0.0120027
-0.0106445
-0.00925846
-0.00785239
-0.00643374
-0.00501071
-0.00359456
-0.00219556
-0.000826156
0.000501476
0.00177619
0.00298727
0.00412645
0.00518776
0.00616705
0.00706308
0.00787564
0.00860662
0.0092595
0.00983836
0.0103479
0.0107933
0.01118
0.0115129
0.0117969
0.0120365
0.012236
0.0123994
0.0125302
0.0126318
0.0127074
0.0127593
0.0127899
0.0128014
0.0127958
0.0127747
0.0127397
0.0126922
0.0126333
0.0125645
0.0124864
0.0123998
0.0123056
0.0122046
0.0120973
0.0119842
0.011866
0.011743
0.0116156
0.0114842
0.0113492
0.0112107
0.0110691
0.0109247
0.0107775
0.0106282
0.0104764
0.0103224
0.0101664
0.0100085
0.00984891
0.00968752
0.00952458
0.00936023
0.0091946
0.00902761
0.00885945
0.00869025
0.00851994
0.0083487
0.00817646
0.00800341
0.00782966
0.00765512
0.00747996
0.00730409
0.00712772
0.0069507
0.00677325
0.00659488
0.00641614
0.00623712
0.0060577
0.00587807
0.0056981
0.00551776
0.00533727
0.00515651
0.00497568
0.00479461
0.0046133
0.00443198
0.00425046
0.00406898
0.00388737
0.00370559
0.00352386
0.00334202
0.0031596
0.00297748
0.0027953
0.00261301
0.00243087
0.00224868
0.0020664
0.00188426
0.00170205
0.00152005
0.00133803
0.00115588
0.000973897
0.000791385
0.00060898
0.000426791
0.000244605
6.22777e-05
-0.000119866
-0.000302046
-0.000484352
-0.000666478
-0.000848712
-0.00103119
-0.00121356
-0.00139602
-0.00157828
-0.00176064
-0.00194318
-0.00212558
-0.00230811
-0.00249087
-0.00267403
-0.00285712
-0.00304041
-0.00322361
-0.00340697
-0.00359058
-0.00377409
-0.00395786
-0.00414193
-0.00432644
-0.00451101
-0.00469589
-0.00488073
-0.00506588
-0.00525142
-0.00543742
-0.00562355
-0.00581055
-0.00599784
-0.00618521
-0.00637303
-0.00656133
-0.00675027
-0.00693986
-0.0071294
-0.00731963
-0.00751056
-0.00770231
-0.00789487
-0.00808787
-0.00828162
-0.00847619
-0.0086721
-0.0088688
-0.00906646
-0.00926517
-0.00946495
-0.00966586
-0.00986804
-0.0100718
-0.0102768
-0.010483
-0.0106905
-0.0108994
-0.0111097
-0.011322
-0.0115364
-0.0117523
-0.0119702
-0.01219
-0.0124116
-0.0126354
-0.0128612
-0.0130894
-0.0133201
-0.0135531
-0.0137885
-0.0140261
-0.0142661
-0.0145086
-0.0147537
-0.0150018
-0.0152522
-0.0155051
-0.0157605
-0.0160181
-0.0162779
-0.0165398
-0.0168041
-0.0170705
-0.0173388
-0.0176088
-0.0178808
-0.0181543
-0.0184295
-0.0187065
-0.0189848
-0.0192641
-0.0195447
-0.019826
-0.0201084
-0.0203918
-0.0206761
-0.0209608
-0.0212463
-0.021532
-0.0218181
-0.0221046
-0.0223916
-0.022679
-0.0229664
-0.0232541
-0.0235419
-0.0238295
-0.0241172
-0.0244049
-0.024693
-0.0249806
-0.025268
-0.0255554
-0.0258426
-0.0261294
-0.0264159
-0.0267026
-0.0269889
-0.0272747
-0.02756
-0.027845
-0.0281293
-0.0284131
-0.0286964
-0.0289793
-0.0292615
-0.0295432
-0.0298239
-0.030104
-0.0303834
-0.0306618
-0.0309399
-0.0312167
-0.0314925
-0.0317672
-0.0320409
-0.0323133
-0.0325846
-0.0328546
-0.0331238
-0.0333914
-0.0336575
-0.0339223
-0.0341855
-0.0344471
-0.034707
-0.0349653
-0.0352219
-0.035477
-0.0357302
-0.0359814
-0.0362306
-0.0364779
-0.0367231
-0.0369663
-0.0372074
-0.0374467
-0.0376836
-0.0379183
-0.0381507
-0.0383808
-0.0386086
-0.0388341
-0.0390571
-0.0392777
-0.0394959
-0.0397118
-0.0399252
-0.0401361
-0.0403444
-0.04055
-0.0407533
-0.0409541
-0.0411523
-0.041348
-0.041541
-0.0417315
-0.0419196
-0.0421052
-0.0422882
-0.0424686
-0.0426465
-0.0428218
-0.0429946
-0.0431649
-0.0433327
-0.0434981
-0.043661
-0.0438216
-0.04398
-0.0441359
-0.0442895
-0.0444407
-0.0445895
-0.044736
-0.0448803
-0.0450224
-0.0451623
-0.0453
-0.0454355
-0.0455689
-0.0457003
-0.0458296
-0.0459569
-0.0460825
-0.046206
-0.0463275
-0.0464471
-0.0465648
-0.0466806
-0.0467946
-0.0469067
-0.0470171
-0.0471258
-0.0472328
-0.047338
-0.0474416
-0.0475436
-0.047644
-0.0477427
-0.04784
-0.0479357
-0.04803
-0.0481228
-0.0482142
-0.0483042
-0.0483929
-0.0484801
-0.048566
-0.0486509
-0.0487345
-0.0488167
-0.0488977
-0.0489775
-0.049056
-0.0491334
-0.0492097
-0.0492848
-0.0493588
-0.0494317
-0.0495036
-0.0495744
-0.0496442
-0.049713
-0.0497808
-0.0498476
-0.0499135
-0.0499784
-0.0500424
-0.0501055
-0.0501678
-0.0502292
-0.0502897
-0.0503494
-0.0504082
-0.0504663
-0.0505236
-0.0505802
-0.0506359
-0.050691
-0.0507453
-0.0507988
-0.0508517
-0.0509039
-0.0509554
-0.0510063
-0.0510566
-0.0511062
-0.0511552
-0.0512036
-0.0512515
-0.0512987
-0.0513453
-0.0513913
-0.0514367
-0.0514816
-0.0515257
-0.0515694
-0.0516126
-0.0516553
-0.0516975
-0.0517393
-0.0517805
-0.0518213
-0.0518616
-0.0519014
-0.0519409
-0.0519798
-0.0520184
-0.0520565
-0.0520942
-0.0521315
-0.0521684
-0.0522049
-0.052241
-0.0522767
-0.052312
-0.052347
-0.0523816
-0.0524159
-0.0524498
-0.0524833
-0.0525165
-0.0525494
-0.0525817
-0.0526138
-0.0526456
-0.0526771
-0.0527084
-0.0527393
-0.0527699
-0.0528003
-0.0528304
-0.0528602
-0.0528898
-0.0529191
-0.0529481
-0.0529768
-0.0530053
-0.0530336
-0.0530616
-0.0530893
-0.0531168
-0.0531439
-0.0531708
-0.0531975
-0.053224
-0.0532502
-0.0532763
-0.0533021
-0.0533278
-0.0533533
-0.0533785
-0.0534036
-0.0534285
-0.0534532
-0.0534777
-0.053502
-0.0535262
-0.0535499
-0.0535736
-0.053597
-0.0536203
-0.0536435
-0.0536665
-0.0536893
-0.053712
-0.0537345
-0.0537569
-0.0537791
-0.0538012
-0.0538231
-0.0538449
-0.0538665
-0.0538878
-0.053909
-0.0539301
-0.0539511
-0.053972
-0.0539927
-0.0540134
-0.0540339
-0.0540542
-0.0540745
-0.0540947
-0.0541147
-0.0541346
-0.0541542
-0.0541738
-0.0541932
-0.0542126
-0.0542319
-0.0542511
-0.0542701
-0.0542891
-0.054308
-0.0543268
-0.0543455
-0.054364
-0.0543823
-0.0544006
-0.0544188
-0.054437
-0.054455
-0.054473
-0.0544909
-0.0545088
-0.0545265
-0.0545442
-0.0545618
-0.0545793
-0.0545965
-0.0546137
-0.0546309
-0.054648
-0.054665
-0.054682
-0.0546989
-0.0547157
-0.0547325
-0.0547492
-0.0547659
-0.0547822
-0.0547986
-0.054815
-0.0548313
-0.0548476
-0.0548638
-0.0548799
-0.0548961
-0.0549121
-0.0549281
-0.0549441
-0.0549599
-0.0549756
-0.0549913
-0.0550069
-0.0550226
-0.0550382
-0.0550537
-0.0550692
-0.0550847
-0.0551002
-0.0551156
-0.0551308
-0.055146
-0.0551611
-0.0551763
-0.0551914
-0.0552065
-0.0552215
-0.0552365
-0.0552515
-0.0552665
-0.0552814
-0.0552961
-0.0553108
-0.0553255
-0.0553402
-0.0553549
-0.0553695
-0.0553842
-0.0553988
-0.0554133
-0.0554279
-0.0554422
-0.0554565
-0.0554709
-0.0554852
-0.0554995
-0.0555138
-0.0555281
-0.0555424
-0.0555566
-0.0555708
-0.0555851
-0.055599
-0.0556131
-0.0556271
-0.0556411
-0.0556552
-0.0556692
-0.0556832
-0.0556971
-0.0557111
-0.055725
-0.0557388
-0.0557526
-0.0557664
-0.0557802
-0.055794
-0.0558078
-0.0558216
-0.0558354
-0.0558491
-0.0558629
-0.0558764
-0.05589
-0.0559036
-0.0559172
-0.0559309
-0.0559445
-0.0559581
-0.0559717
-0.0559853
-0.0559989
-0.0560124
-0.0560258
-0.0560393
-0.0560527
-0.0560662
-0.0560797
-0.0560932
-0.0561066
-0.0561201
-0.0561336
-0.056147
-0.0561603
-0.0561736
-0.056187
-0.0562003
-0.0562137
-0.0562271
-0.0562405
-0.0562538
-0.0562672
-0.0562806
-0.0562938
-0.0563071
-0.0563204
-0.0563336
-0.0563469
-0.0563602
-0.0563735
-0.0563868
-0.0564001
-0.0564134
-0.0564265
-0.0564397
-0.056453
-0.0564662
-0.0564795
-0.0564927
-0.056506
-0.0565193
-0.0565326
-0.0565458
-0.0565589
-0.0565721
-0.0565853
-0.0565984
-0.0566116
-0.0566248
-0.0566381
-0.0566513
-0.0566646
-0.0566778
-0.0566913
-0.0567046
-0.056718
-0.0567314
-0.0567447
-0.056758
-0.0567714
-0.0567848
-0.0567981
-0.0568114
-0.0568248
-0.056838
-0.0568512
-0.0568645
-0.0568777
-0.056891
-0.0569043
-0.0569177
-0.056931
-0.0569444
-0.0569577
-0.0569709
-0.0569841
-0.0569973
-0.0570106
-0.0570239
-0.0570372
-0.0570505
-0.0570638
-0.0570772
-0.0570906
-0.0571037
-0.057117
-0.0571303
-0.0571436
-0.0571569
-0.0571703
-0.0571837
-0.057197
-0.0572104
-0.0572238
-0.0572372
-0.0572504
-0.0572637
-0.0572771
-0.0572904
-0.0573038
-0.0573172
-0.0573306
-0.0573441
-0.0573575
-0.057371
-0.0573843
-0.0573976
-0.057411
-0.0574244
-0.0574378
-0.0574512
-0.0574647
-0.0574782
-0.0574917
-0.0575052
-0.0575188
-0.0575321
-0.0575456
-0.057559
-0.0575725
-0.057586
-0.0575995
-0.057613
-0.0576266
-0.0576402
-0.0576537
-0.0576671
-0.0576806
-0.0576942
-0.0577077
-0.0577213
-0.0577349
-0.0577485
-0.0577621
-0.0577758
-0.0577894
-0.0578031
-0.0578166
-0.0578302
-0.0578439
-0.0578575
-0.0578712
-0.0578849
-0.0578986
-0.0579123
-0.0579261
-0.0579399
-0.0579536
-0.0579673
-0.057981
-0.0579947
-0.0580085
-0.0580223
-0.0580361
-0.0580499
-0.0580637
-0.0580776
-0.0580914
-0.0581053
-0.0581192
-0.0581329
-0.0581468
-0.0581606
-0.0581745
-0.0581884
-0.0582023
-0.0582162
-0.0582302
-0.0582442
-0.0582582
-0.0582722
-0.0582861
-0.0583
-0.0583139
-0.0583279
-0.0583419
-0.0583559
-0.0583699
-0.058384
-0.0583981
-0.0584121
-0.0584262
-0.0584402
-0.0584542
-0.0584683
-0.0584824
-0.0584965
-0.0585106
-0.0585247
-0.0585389
-0.0585531
-0.0585673
-0.0585815
-0.0585957
-0.0586098
-0.0586239
-0.0586381
-0.0586523
-0.0586665
-0.0586808
-0.058695
-0.0587093
-0.0587236
-0.0587379
-0.0587522
-0.0587666
-0.0587808
-0.0587951
-0.0588093
-0.0588237
-0.058838
-0.0588523
-0.0588667
-0.0588811
-0.0588955
-0.0589099
-0.0589243
-0.0589388
-0.058953
-0.0589674
-0.0589818
-0.0589963
-0.0590107
-0.0590252
-0.0590396
-0.0590541
-0.0590686
-0.0590832
-0.0590977
-0.0591122
-0.0591266
-0.0591411
-0.0591556
-0.0591701
-0.0591846
-0.0591992
-0.0592137
-0.0592283
-0.0592429
-0.0592575
-0.0592721
-0.0592867
-0.0593014
-0.0593159
-0.0593305
-0.0593451
-0.0593597
-0.0593744
-0.0593891
-0.0594037
-0.0594185
-0.0594332
-0.0594479
-0.0594626
-0.0594773
-0.0594919
-0.0595065
-0.0595212
-0.059536
-0.0595507
-0.0595654
-0.0595802
-0.059595
-0.0596098
-0.0596246
-0.0596394
-0.0596542
-0.0596691
-0.0596838
-0.0596986
-0.0597133
-0.0597281
-0.0597429
-0.0597578
-0.0597726
-0.0597874
-0.0598023
-0.0598172
-0.0598321
-0.059847
-0.0598619
-0.0598767
-0.0598915
-0.0599064
-0.0599213
-0.0599362
-0.0599511
-0.0599661
-0.059981
-0.059996
-0.060011
-0.0600259
-0.0600409
-0.0600559
-0.0600709
-0.0600858
-0.0601007
-0.0601157
-0.0601307
-0.0601457
-0.0601606
-0.0601757
-0.0601907
-0.0602057
-0.0602208
-0.0602358
-0.0602509
-0.060266
-0.0602811
-0.060296
-0.060311
-0.0603261
-0.0603411
-0.0603562
-0.0603712
-0.0603863
-0.0604014
-0.0604165
-0.0604316
-0.0604467
-0.0604618
-0.0604769
-0.060492
-0.060507
-0.0605221
-0.0605372
-0.0605523
-0.0605674
-0.0605825
-0.0605977
-0.0606128
-0.0606279
-0.0606431
-0.0606582
-0.0606734
-0.0606886
-0.0607037
-0.0607188
-0.0607339
-0.060749
-0.0607641
-0.0607793
-0.0607944
-0.0608096
-0.0608247
-0.0608399
-0.0608551
-0.0608703
-0.0608854
-0.0609006
-0.0609159
-0.0609311
-0.0609462
-0.0609613
-0.0609765
-0.0609917
-0.0610068
-0.061022
-0.0610372
-0.0610524
-0.0610676
-0.0610829
-0.0610981
-0.0611133
-0.0611285
-0.0611437
-0.0611589
-0.061174
-0.0611892
-0.0612044
-0.0612196
-0.0612348
-0.06125
-0.0612651
-0.0612804
-0.0612956
-0.0613108
-0.061326
-0.0613412
-0.0613564
-0.0613716
-0.0613869
-0.061402
-0.0614172
-0.0614324
-0.0614476
-0.0614628
-0.061478
-0.0614931
-0.0615083
-0.0615235
-0.0615387
-0.0615539
-0.0615692
-0.0615844
-0.0615996
-0.0616148
-0.06163
-0.0616451
-0.0616603
-0.0616754
-0.0616906
-0.0617058
-0.0617209
-0.0617361
-0.0617513
-0.0617665
-0.0617817
-0.0617969
-0.0618121
-0.0618273
-0.0618425
-0.0618577
-0.0618729
-0.061888
-0.0619031
-0.0619183
-0.0619334
-0.0619485
-0.0619637
-0.0619788
-0.061994
-0.0620091
-0.0620243
-0.0620394
-0.0620545
-0.0620697
-0.0620849
-0.0621
-0.0621152
-0.0621303
-0.0621455
-0.0621604
-0.0621754
-0.0621904
-0.0622055
-0.0622205
-0.0622356
-0.0622506
-0.0622657
-0.0622808
-0.0622958
-0.0623109
-0.0623259
-0.062341
-0.062356
-0.0623711
-0.0623862
-0.0624012
-0.0624161
-0.062431
-0.062446
-0.0624609
-0.0624759
-0.0624908
-0.0625058
-0.0625208
-0.0625357
-0.0625507
-0.0625657
-0.0625807
-0.0625956
-0.0626106
-0.0626255
-0.0626405
-0.0626555
-0.0626704
-0.0626852
-0.0627
-0.0627148
-0.0627297
-0.0627445
-0.0627594
-0.0627742
-0.0627891
-0.0628039
-0.0628188
-0.0628337
-0.0628485
-0.0628634
-0.0628782
-0.0628931
-0.0629079
-0.0629228
-0.0629376
-0.0629525
-0.0629671
-0.0629818
-0.0629966
-0.0630113
-0.0630261
-0.0630408
-0.0630555
-0.0630703
-0.0630851
-0.0630998
-0.0631145
-0.0631293
-0.063144
-0.0631587
-0.0631735
-0.0631882
-0.0632029
-0.0632176
-0.0632324
-0.0632469
-0.0632615
-0.0632761
-0.0632907
-0.0633053
-0.06332
-0.0633346
-0.0633492
-0.0633638
-0.0633784
-0.063393
-0.0634076
-0.0634222
-0.0634368
-0.0634514
-0.063466
-0.0634806
-0.0634952
-0.0635098
-0.0635244
-0.0635388
-0.0635532
-0.0635677
-0.0635822
-0.0635967
-0.0636111
-0.0636256
-0.0636401
-0.0636545
-0.063669
-0.0636835
-0.0636979
-0.0637124
-0.0637268
-0.0637413
-0.0637557
-0.0637701
-0.0637846
-0.063799
-0.0638134
-0.0638278
-0.063842
-0.0638563
-0.0638706
-0.0638849
-0.0638992
-0.0639135
-0.0639278
-0.0639421
-0.0639564
-0.0639707
-0.063985
-0.0639993
-0.0640136
-0.0640278
-0.0640421
-0.0640563
-0.0640706
-0.0640848
-0.0640991
-0.0641133
-0.0641275
-0.0641416
-0.0641557
-0.0641698
-0.064184
-0.0641981
-0.0642122
-0.0642263
-0.0642405
-0.0642546
-0.0642687
-0.0642828
-0.0642969
-0.064311
-0.0643251
-0.0643392
-0.0643532
-0.0643673
-0.0643814
-0.0643954
-0.0644095
-0.0644235
-0.0644376
-0.0644516
-0.0644655
-0.0644794
-0.0644934
-0.0645073
-0.0645212
-0.0645352
-0.0645491
-0.064563
-0.0645769
-0.0645908
-0.0646047
-0.0646186
-0.0646325
-0.0646464
-0.0646602
-0.0646741
-0.064688
-0.0647018
-0.0647157
-0.0647295
-0.0647433
-0.0647572
-0.064771
-0.0647847
-0.0647984
-0.0648121
-0.0648258
-0.0648395
-0.0648532
-0.0648669
-0.0648806
-0.0648943
-0.064908
-0.0649216
-0.0649353
-0.064949
-0.0649626
-0.0649763
-0.0649899
-0.0650036
-0.0650172
-0.0650308
-0.0650444
-0.065058
-0.0650716
-0.0650852
-0.0650988
-0.0651123
-0.0651257
-0.0651392
-0.0651527
-0.0651661
-0.0651796
-0.0651931
-0.0652065
-0.06522
-0.0652334
-0.0652469
-0.0652603
-0.0652737
-0.0652871
-0.0653005
-0.0653139
-0.0653273
-0.0653407
-0.0653541
-0.0653675
-0.0653808
-0.0653942
-0.0654075
-0.0654208
-0.0654342
-0.0654475
-0.0654606
-0.0654739
-0.0654871
-0.0655003
-0.0655135
-0.0655267
-0.0655399
-0.0655531
-0.0655663
-0.0655795
-0.0655927
-0.0656058
-0.065619
-0.0656322
-0.0656453
-0.0656584
-0.0656715
-0.0656847
-0.0656978
-0.0657108
-0.0657239
-0.065737
-0.0657501
-0.0657631
-0.0657762
-0.0657892
-0.0658022
-0.0658151
-0.0658281
-0.065841
-0.065854
-0.0658669
-0.0658798
-0.0658927
-0.0659056
-0.0659185
-0.0659314
-0.0659443
-0.0659572
-0.0659701
-0.0659829
-0.0659958
-0.0660086
-0.0660214
-0.0660342
-0.0660471
-0.0660599
-0.0660726
-0.0660854
-0.0660982
-0.066111
-0.0661237
-0.0661365
-0.0661492
-0.0661619
-0.0661745
-0.0661871
-0.0661998
-0.0662124
-0.066225
-0.0662376
-0.0662502
-0.0662628
-0.0662755
-0.066288
-0.0663006
-0.0663132
-0.0663258
-0.0663384
-0.0663509
-0.0663634
-0.066376
-0.0663885
-0.066401
-0.0664135
-0.066426
-0.0664385
-0.066451
-0.0664635
-0.0664759
-0.0664884
-0.0665008
-0.0665132
-0.0665257
-0.0665381
-0.0665504
-0.0665627
-0.066575
-0.0665874
-0.0665997
-0.066612
-0.0666243
-0.0666366
-0.0666489
-0.0666611
-0.0666734
-0.0666856
-0.0666979
-0.0667101
-0.0667223
-0.0667345
-0.0667467
-0.0667589
-0.0667711
-0.0667832
-0.0667954
-0.0668075
-0.0668197
-0.0668318
-0.066844
-0.0668561
-0.0668682
-0.0668803
-0.0668923
-0.0669044
-0.0669165
-0.0669285
-0.0669405
-0.0669524
-0.0669644
-0.0669764
-0.0669883
-0.0670003
-0.0670122
-0.0670242
-0.0670361
-0.067048
-0.0670599
0
